煤矿名称,传感器编号,地点,类型,检测值,单位,时间
羊东矿,0000031A07,8470运料巷配巷掘进面回风风速,风速,1.30,m/s,2020-10-16 04:25:15
羊东矿,0000031A08,8470运料巷配巷掘进面加密甲烷,甲烷,0.00,%CH4,2020-10-16 04:25:15
羊东矿,0000031A09,8470运料巷配巷掘进面甲烷T1,甲烷,0.05,%CH4,2020-10-16 04:25:15
羊东矿,0000031A12,8470运料巷配巷掘进面粉尘,粉尘浓度,0.00,mg/ m3,2020-10-16 04:25:15
羊东矿,0000031A14,8470运料巷配巷掘进面分风口甲烷T4,甲烷,0.00,%CH4,2020-10-16 04:25:15
羊东矿,0000031C01,8470运料巷配巷掘进面动力断电,断电控制器,复电,,2020-10-16 04:25:15
羊东矿,0000031D02,8470运料巷配巷掘进面动力馈电,馈电传感器,负荷侧有电压,,2020-10-16 04:25:15
羊东矿,0000031D03,8470运料巷配巷掘进面副风机,开停,停,,2020-10-16 04:25:15
羊东矿,0000031D04,8470运料巷配巷掘进面主风机,开停,开,,2020-10-16 04:25:15
羊东矿,0000031D10,8470运料巷配巷掘进面风筒,风筒开关传感器,风筒有风,,2020-10-16 04:25:15
羊东矿,0000031D13,8470运料巷配巷掘进面主风机馈电,馈电传感器,负荷侧有电压,,2020-10-16 04:25:15
羊东矿,0000031D15,8470运料巷配巷掘进面副风机馈电,馈电传感器,负荷侧有电压,,2020-10-16 04:25:15
羊东矿,0000031D16,8470运料巷配巷掘进面风向,开停,开,,2020-10-16 04:25:15
羊东矿,0000032A04,42区永久避难硐室后门过渡室CO.,一氧化碳,0.00,ppm,2020-10-16 04:25:15
羊东矿,0000032A05,42区永久避难硐室后门CO,一氧化碳,0.00,ppm,2020-10-16 04:25:15
羊东矿,0000032A06,42区永久避难硐室后门CO2,二氧化碳,0.00,%,2020-10-16 04:25:15
羊东矿,0000032A07,42区永久避难硐室后门甲烷激,甲烷,0.00,%CH4,2020-10-16 04:25:15
羊东矿,0000032A09,42皮带上部进风甲烷激,甲烷,0.03,%CH4,2020-10-16 04:25:15
羊东矿,0000032A10,42区永久避难硐室生存室CO2,二氧化碳,0.01,%,2020-10-16 04:25:15
羊东矿,0000032A13,42回风改造甲烷,甲烷,0.08,%CH4,2020-10-16 04:25:15
羊东矿,0000032A15,42回风改造风速,风速,2.60,m/s,2020-10-16 04:25:15
羊东矿,0000032D12,42皮带上部进风风向,开停,开,,2020-10-16 04:25:15
羊东矿,0000033A05,进风道猴车车房温度,温度,20.30,℃,2020-10-16 04:25:15
羊东矿,0000033A06,副斜车房温度,温度,17.10,℃,2020-10-16 04:25:15
羊东矿,0000033A08,-110治水泵房温度,温度,23.10,℃,2020-10-16 04:25:15
羊东矿,0000033A09,南井正前进风甲烷激,甲烷,0.00,%CH4,2020-10-16 04:25:15
羊东矿,0000033D10,南井正前进风风向,开停,停,,2020-10-16 04:25:15
羊东矿,0000037A05,佐城二号总回风速,风速,4.50,m/s,2020-10-16 04:25:15
羊东矿,0000037A06,佐城二号总回甲烷,甲烷,0.05,%CH4,2020-10-16 04:25:15
羊东矿,0000037A07,42采区回风巷甲烷,甲烷,0.11,%CH4,2020-10-16 04:25:15
羊东矿,0000031A07,8470运料巷配巷掘进面回风风速,风速,1.30,m/s,2020-10-16 04:26:08
羊东矿,0000031A08,8470运料巷配巷掘进面加密甲烷,甲烷,0.00,%CH4,2020-10-16 04:26:08
羊东矿,0000031A09,8470运料巷配巷掘进面甲烷T1,甲烷,0.05,%CH4,2020-10-16 04:26:08
羊东矿,0000031A12,8470运料巷配巷掘进面粉尘,粉尘浓度,0.00,mg/ m3,2020-10-16 04:26:08
羊东矿,0000031A14,8470运料巷配巷掘进面分风口甲烷T4,甲烷,0.00,%CH4,2020-10-16 04:26:08
羊东矿,0000031C01,8470运料巷配巷掘进面动力断电,断电控制器,复电,,2020-10-16 04:26:08
羊东矿,0000031D02,8470运料巷配巷掘进面动力馈电,馈电传感器,负荷侧有电压,,2020-10-16 04:26:08
羊东矿,0000031D03,8470运料巷配巷掘进面副风机,开停,停,,2020-10-16 04:26:08
羊东矿,0000031D04,8470运料巷配巷掘进面主风机,开停,开,,2020-10-16 04:26:08
羊东矿,0000031D10,8470运料巷配巷掘进面风筒,风筒开关传感器,风筒有风,,2020-10-16 04:26:08
羊东矿,0000031D13,8470运料巷配巷掘进面主风机馈电,馈电传感器,负荷侧有电压,,2020-10-16 04:26:08
羊东矿,0000031D15,8470运料巷配巷掘进面副风机馈电,馈电传感器,负荷侧有电压,,2020-10-16 04:26:08
羊东矿,0000031D16,8470运料巷配巷掘进面风向,开停,开,,2020-10-16 04:26:08
羊东矿,0000032A04,42区永久避难硐室后门过渡室CO.,一氧化碳,0.00,ppm,2020-10-16 04:26:08
羊东矿,0000032A05,42区永久避难硐室后门CO,一氧化碳,0.00,ppm,2020-10-16 04:26:08
羊东矿,0000032A06,42区永久避难硐室后门CO2,二氧化碳,0.00,%,2020-10-16 04:26:08
羊东矿,0000032A07,42区永久避难硐室后门甲烷激,甲烷,0.00,%CH4,2020-10-16 04:26:08
羊东矿,0000032A09,42皮带上部进风甲烷激,甲烷,0.03,%CH4,2020-10-16 04:26:08
羊东矿,0000032A10,42区永久避难硐室生存室CO2,二氧化碳,0.01,%,2020-10-16 04:26:08
羊东矿,0000032A13,42回风改造甲烷,甲烷,0.09,%CH4,2020-10-16 04:26:08
羊东矿,0000032A15,42回风改造风速,风速,2.40,m/s,2020-10-16 04:26:08
羊东矿,0000032D12,42皮带上部进风风向,开停,开,,2020-10-16 04:26:08
羊东矿,0000033A05,进风道猴车车房温度,温度,20.30,℃,2020-10-16 04:26:08
羊东矿,0000033A06,副斜车房温度,温度,17.20,℃,2020-10-16 04:26:08
羊东矿,0000033A08,-110治水泵房温度,温度,23.10,℃,2020-10-16 04:26:08
羊东矿,0000033A09,南井正前进风甲烷激,甲烷,0.00,%CH4,2020-10-16 04:26:08
羊东矿,0000033D10,南井正前进风风向,开停,停,,2020-10-16 04:26:08
羊东矿,0000037A05,佐城二号总回风速,风速,4.60,m/s,2020-10-16 04:26:08
羊东矿,0000037A06,佐城二号总回甲烷,甲烷,0.06,%CH4,2020-10-16 04:26:08
羊东矿,0000037A07,42采区回风巷甲烷,甲烷,0.12,%CH4,2020-10-16 04:26:08
羊东矿,0000031A07,8470运料巷配巷掘进面回风风速,风速,1.30,m/s,2020-10-16 04:26:34
羊东矿,0000031A08,8470运料巷配巷掘进面加密甲烷,甲烷,0.00,%CH4,2020-10-16 04:26:34
羊东矿,0000031A09,8470运料巷配巷掘进面甲烷T1,甲烷,0.05,%CH4,2020-10-16 04:26:34
羊东矿,0000031A12,8470运料巷配巷掘进面粉尘,粉尘浓度,0.00,mg/ m3,2020-10-16 04:26:34
羊东矿,0000031A14,8470运料巷配巷掘进面分风口甲烷T4,甲烷,0.00,%CH4,2020-10-16 04:26:34
羊东矿,0000031C01,8470运料巷配巷掘进面动力断电,断电控制器,复电,,2020-10-16 04:26:34
羊东矿,0000031D02,8470运料巷配巷掘进面动力馈电,馈电传感器,负荷侧有电压,,2020-10-16 04:26:34
羊东矿,0000031D03,8470运料巷配巷掘进面副风机,开停,停,,2020-10-16 04:26:34
羊东矿,0000031D04,8470运料巷配巷掘进面主风机,开停,开,,2020-10-16 04:26:34
羊东矿,0000031D10,8470运料巷配巷掘进面风筒,风筒开关传感器,风筒有风,,2020-10-16 04:26:34
羊东矿,0000031D13,8470运料巷配巷掘进面主风机馈电,馈电传感器,负荷侧有电压,,2020-10-16 04:26:34
羊东矿,0000031D15,8470运料巷配巷掘进面副风机馈电,馈电传感器,负荷侧有电压,,2020-10-16 04:26:34
羊东矿,0000031D16,8470运料巷配巷掘进面风向,开停,开,,2020-10-16 04:26:34
羊东矿,0000032A04,42区永久避难硐室后门过渡室CO.,一氧化碳,0.00,ppm,2020-10-16 04:26:34
羊东矿,0000032A05,42区永久避难硐室后门CO,一氧化碳,0.00,ppm,2020-10-16 04:26:34
羊东矿,0000032A06,42区永久避难硐室后门CO2,二氧化碳,0.00,%,2020-10-16 04:26:34
羊东矿,0000032A07,42区永久避难硐室后门甲烷激,甲烷,0.00,%CH4,2020-10-16 04:26:34
羊东矿,0000032A09,42皮带上部进风甲烷激,甲烷,0.02,%CH4,2020-10-16 04:26:34
羊东矿,0000032A10,42区永久避难硐室生存室CO2,二氧化碳,0.01,%,2020-10-16 04:26:34
羊东矿,0000032A13,42回风改造甲烷,甲烷,0.09,%CH4,2020-10-16 04:26:34
羊东矿,0000032A15,42回风改造风速,风速,2.60,m/s,2020-10-16 04:26:34
羊东矿,0000032D12,42皮带上部进风风向,开停,开,,2020-10-16 04:26:34
羊东矿,0000033A05,进风道猴车车房温度,温度,20.30,℃,2020-10-16 04:26:34
羊东矿,0000033A06,副斜车房温度,温度,17.20,℃,2020-10-16 04:26:34
羊东矿,0000033A08,-110治水泵房温度,温度,23.10,℃,2020-10-16 04:26:34
羊东矿,0000033A09,南井正前进风甲烷激,甲烷,0.00,%CH4,2020-10-16 04:26:34
羊东矿,0000033D10,南井正前进风风向,开停,停,,2020-10-16 04:26:34
羊东矿,0000037A05,佐城二号总回风速,风速,4.50,m/s,2020-10-16 04:26:34
羊东矿,0000037A06,佐城二号总回甲烷,甲烷,0.06,%CH4,2020-10-16 04:26:34
羊东矿,0000037A07,42采区回风巷甲烷,甲烷,0.12,%CH4,2020-10-16 04:26:34
羊东矿,0000031A07,8470运料巷配巷掘进面回风风速,风速,1.30,m/s,2020-10-16 04:27:00
羊东矿,0000031A08,8470运料巷配巷掘进面加密甲烷,甲烷,0.00,%CH4,2020-10-16 04:27:00
羊东矿,0000031A09,8470运料巷配巷掘进面甲烷T1,甲烷,0.05,%CH4,2020-10-16 04:27:00
羊东矿,0000031A12,8470运料巷配巷掘进面粉尘,粉尘浓度,0.00,mg/ m3,2020-10-16 04:27:00
羊东矿,0000031A14,8470运料巷配巷掘进面分风口甲烷T4,甲烷,0.00,%CH4,2020-10-16 04:27:00
羊东矿,0000031C01,8470运料巷配巷掘进面动力断电,断电控制器,复电,,2020-10-16 04:27:00
羊东矿,0000031D02,8470运料巷配巷掘进面动力馈电,馈电传感器,负荷侧有电压,,2020-10-16 04:27:00
羊东矿,0000031D03,8470运料巷配巷掘进面副风机,开停,停,,2020-10-16 04:27:00
羊东矿,0000031D04,8470运料巷配巷掘进面主风机,开停,开,,2020-10-16 04:27:00
羊东矿,0000031D10,8470运料巷配巷掘进面风筒,风筒开关传感器,风筒有风,,2020-10-16 04:27:00
羊东矿,0000031D13,8470运料巷配巷掘进面主风机馈电,馈电传感器,负荷侧有电压,,2020-10-16 04:27:00
羊东矿,0000031D15,8470运料巷配巷掘进面副风机馈电,馈电传感器,负荷侧有电压,,2020-10-16 04:27:00
羊东矿,0000031D16,8470运料巷配巷掘进面风向,开停,开,,2020-10-16 04:27:00
羊东矿,0000032A04,42区永久避难硐室后门过渡室CO.,一氧化碳,0.00,ppm,2020-10-16 04:27:00
羊东矿,0000032A05,42区永久避难硐室后门CO,一氧化碳,0.00,ppm,2020-10-16 04:27:00
羊东矿,0000032A06,42区永久避难硐室后门CO2,二氧化碳,0.00,%,2020-10-16 04:27:00
羊东矿,0000032A07,42区永久避难硐室后门甲烷激,甲烷,0.00,%CH4,2020-10-16 04:27:00
羊东矿,0000032A09,42皮带上部进风甲烷激,甲烷,0.03,%CH4,2020-10-16 04:27:00
羊东矿,0000032A10,42区永久避难硐室生存室CO2,二氧化碳,0.01,%,2020-10-16 04:27:00
羊东矿,0000032A13,42回风改造甲烷,甲烷,0.09,%CH4,2020-10-16 04:27:00
羊东矿,0000032A15,42回风改造风速,风速,2.70,m/s,2020-10-16 04:27:00
羊东矿,0000032D12,42皮带上部进风风向,开停,开,,2020-10-16 04:27:00
羊东矿,0000033A05,进风道猴车车房温度,温度,20.30,℃,2020-10-16 04:27:00
羊东矿,0000033A06,副斜车房温度,温度,17.20,℃,2020-10-16 04:27:00
羊东矿,0000033A08,-110治水泵房温度,温度,23.10,℃,2020-10-16 04:27:00
羊东矿,0000033A09,南井正前进风甲烷激,甲烷,0.00,%CH4,2020-10-16 04:27:00
羊东矿,0000033D10,南井正前进风风向,开停,停,,2020-10-16 04:27:00
羊东矿,0000037A05,佐城二号总回风速,风速,4.60,m/s,2020-10-16 04:27:00
羊东矿,0000037A06,佐城二号总回甲烷,甲烷,0.06,%CH4,2020-10-16 04:27:00
羊东矿,0000037A07,42采区回风巷甲烷,甲烷,0.12,%CH4,2020-10-16 04:27:00
羊东矿,0000031A07,8470运料巷配巷掘进面回风风速,风速,1.30,m/s,2020-10-16 04:27:53
羊东矿,0000031A08,8470运料巷配巷掘进面加密甲烷,甲烷,0.00,%CH4,2020-10-16 04:27:53
羊东矿,0000031A09,8470运料巷配巷掘进面甲烷T1,甲烷,0.05,%CH4,2020-10-16 04:27:53
羊东矿,0000031A12,8470运料巷配巷掘进面粉尘,粉尘浓度,0.00,mg/ m3,2020-10-16 04:27:53
羊东矿,0000031A14,8470运料巷配巷掘进面分风口甲烷T4,甲烷,0.01,%CH4,2020-10-16 04:27:53
羊东矿,0000031C01,8470运料巷配巷掘进面动力断电,断电控制器,复电,,2020-10-16 04:27:53
羊东矿,0000031D02,8470运料巷配巷掘进面动力馈电,馈电传感器,负荷侧有电压,,2020-10-16 04:27:53
羊东矿,0000031D03,8470运料巷配巷掘进面副风机,开停,停,,2020-10-16 04:27:53
羊东矿,0000031D04,8470运料巷配巷掘进面主风机,开停,开,,2020-10-16 04:27:53
羊东矿,0000031D10,8470运料巷配巷掘进面风筒,风筒开关传感器,风筒有风,,2020-10-16 04:27:53
羊东矿,0000031D13,8470运料巷配巷掘进面主风机馈电,馈电传感器,负荷侧有电压,,2020-10-16 04:27:53
羊东矿,0000031D15,8470运料巷配巷掘进面副风机馈电,馈电传感器,负荷侧有电压,,2020-10-16 04:27:53
羊东矿,0000031D16,8470运料巷配巷掘进面风向,开停,开,,2020-10-16 04:27:53
羊东矿,0000032A04,42区永久避难硐室后门过渡室CO.,一氧化碳,0.00,ppm,2020-10-16 04:27:53
羊东矿,0000032A05,42区永久避难硐室后门CO,一氧化碳,0.00,ppm,2020-10-16 04:27:53
羊东矿,0000032A06,42区永久避难硐室后门CO2,二氧化碳,0.00,%,2020-10-16 04:27:53
羊东矿,0000032A07,42区永久避难硐室后门甲烷激,甲烷,0.00,%CH4,2020-10-16 04:27:53
羊东矿,0000032A09,42皮带上部进风甲烷激,甲烷,0.03,%CH4,2020-10-16 04:27:53
羊东矿,0000032A10,42区永久避难硐室生存室CO2,二氧化碳,0.01,%,2020-10-16 04:27:53
羊东矿,0000032A13,42回风改造甲烷,甲烷,0.09,%CH4,2020-10-16 04:27:53
羊东矿,0000032A15,42回风改造风速,风速,2.70,m/s,2020-10-16 04:27:53
羊东矿,0000032D12,42皮带上部进风风向,开停,开,,2020-10-16 04:27:53
羊东矿,0000033A05,进风道猴车车房温度,温度,20.30,℃,2020-10-16 04:27:53
羊东矿,0000033A06,副斜车房温度,温度,17.20,℃,2020-10-16 04:27:53
羊东矿,0000033A08,-110治水泵房温度,温度,23.20,℃,2020-10-16 04:27:53
羊东矿,0000033A09,南井正前进风甲烷激,甲烷,0.00,%CH4,2020-10-16 04:27:53
羊东矿,0000033D10,南井正前进风风向,开停,停,,2020-10-16 04:27:53
羊东矿,0000037A05,佐城二号总回风速,风速,4.50,m/s,2020-10-16 04:27:53
羊东矿,0000037A06,佐城二号总回甲烷,甲烷,0.06,%CH4,2020-10-16 04:27:53
羊东矿,0000037A07,42采区回风巷甲烷,甲烷,0.12,%CH4,2020-10-16 04:27:53
羊东矿,0000031A07,8470运料巷配巷掘进面回风风速,风速,1.30,m/s,2020-10-16 04:28:19
羊东矿,0000031A08,8470运料巷配巷掘进面加密甲烷,甲烷,0.00,%CH4,2020-10-16 04:28:19
羊东矿,0000031A09,8470运料巷配巷掘进面甲烷T1,甲烷,0.05,%CH4,2020-10-16 04:28:19
羊东矿,0000031A12,8470运料巷配巷掘进面粉尘,粉尘浓度,0.00,mg/ m3,2020-10-16 04:28:19
羊东矿,0000031A14,8470运料巷配巷掘进面分风口甲烷T4,甲烷,0.00,%CH4,2020-10-16 04:28:19
羊东矿,0000031C01,8470运料巷配巷掘进面动力断电,断电控制器,复电,,2020-10-16 04:28:19
羊东矿,0000031D02,8470运料巷配巷掘进面动力馈电,馈电传感器,负荷侧有电压,,2020-10-16 04:28:19
羊东矿,0000031D03,8470运料巷配巷掘进面副风机,开停,停,,2020-10-16 04:28:19
羊东矿,0000031D04,8470运料巷配巷掘进面主风机,开停,开,,2020-10-16 04:28:19
羊东矿,0000031D10,8470运料巷配巷掘进面风筒,风筒开关传感器,风筒有风,,2020-10-16 04:28:19
羊东矿,0000031D13,8470运料巷配巷掘进面主风机馈电,馈电传感器,负荷侧有电压,,2020-10-16 04:28:19
羊东矿,0000031D15,8470运料巷配巷掘进面副风机馈电,馈电传感器,负荷侧有电压,,2020-10-16 04:28:19
羊东矿,0000031D16,8470运料巷配巷掘进面风向,开停,开,,2020-10-16 04:28:19
羊东矿,0000032A04,42区永久避难硐室后门过渡室CO.,一氧化碳,0.00,ppm,2020-10-16 04:28:19
羊东矿,0000032A05,42区永久避难硐室后门CO,一氧化碳,0.00,ppm,2020-10-16 04:28:19
羊东矿,0000032A06,42区永久避难硐室后门CO2,二氧化碳,0.00,%,2020-10-16 04:28:19
羊东矿,0000032A07,42区永久避难硐室后门甲烷激,甲烷,0.00,%CH4,2020-10-16 04:28:19
羊东矿,0000032A09,42皮带上部进风甲烷激,甲烷,0.03,%CH4,2020-10-16 04:28:19
羊东矿,0000032A10,42区永久避难硐室生存室CO2,二氧化碳,0.01,%,2020-10-16 04:28:19
羊东矿,0000032A13,42回风改造甲烷,甲烷,0.09,%CH4,2020-10-16 04:28:19
羊东矿,0000032A15,42回风改造风速,风速,2.70,m/s,2020-10-16 04:28:19
羊东矿,0000032D12,42皮带上部进风风向,开停,开,,2020-10-16 04:28:19
羊东矿,0000033A05,进风道猴车车房温度,温度,20.30,℃,2020-10-16 04:28:19
羊东矿,0000033A06,副斜车房温度,温度,17.20,℃,2020-10-16 04:28:19
羊东矿,0000033A08,-110治水泵房温度,温度,23.20,℃,2020-10-16 04:28:19
羊东矿,0000033A09,南井正前进风甲烷激,甲烷,0.00,%CH4,2020-10-16 04:28:19
羊东矿,0000033D10,南井正前进风风向,开停,停,,2020-10-16 04:28:19
羊东矿,0000037A05,佐城二号总回风速,风速,4.50,m/s,2020-10-16 04:28:19
羊东矿,0000037A06,佐城二号总回甲烷,甲烷,0.06,%CH4,2020-10-16 04:28:19
羊东矿,0000037A07,42采区回风巷甲烷,甲烷,0.12,%CH4,2020-10-16 04:28:19
羊东矿,0000031A07,8470运料巷配巷掘进面回风风速,风速,1.30,m/s,2020-10-16 04:28:19
羊东矿,0000031A08,8470运料巷配巷掘进面加密甲烷,甲烷,0.00,%CH4,2020-10-16 04:28:19
羊东矿,0000031A09,8470运料巷配巷掘进面甲烷T1,甲烷,0.05,%CH4,2020-10-16 04:28:19
羊东矿,0000031A12,8470运料巷配巷掘进面粉尘,粉尘浓度,0.00,mg/ m3,2020-10-16 04:28:19
羊东矿,0000031A14,8470运料巷配巷掘进面分风口甲烷T4,甲烷,0.00,%CH4,2020-10-16 04:28:19
羊东矿,0000031C01,8470运料巷配巷掘进面动力断电,断电控制器,复电,,2020-10-16 04:28:19
羊东矿,0000031D02,8470运料巷配巷掘进面动力馈电,馈电传感器,负荷侧有电压,,2020-10-16 04:28:19
羊东矿,0000031D03,8470运料巷配巷掘进面副风机,开停,停,,2020-10-16 04:28:19
羊东矿,0000031D04,8470运料巷配巷掘进面主风机,开停,开,,2020-10-16 04:28:19
羊东矿,0000031D10,8470运料巷配巷掘进面风筒,风筒开关传感器,风筒有风,,2020-10-16 04:28:19
羊东矿,0000031D13,8470运料巷配巷掘进面主风机馈电,馈电传感器,负荷侧有电压,,2020-10-16 04:28:19
羊东矿,0000031D15,8470运料巷配巷掘进面副风机馈电,馈电传感器,负荷侧有电压,,2020-10-16 04:28:19
羊东矿,0000031D16,8470运料巷配巷掘进面风向,开停,开,,2020-10-16 04:28:19
羊东矿,0000032A04,42区永久避难硐室后门过渡室CO.,一氧化碳,0.00,ppm,2020-10-16 04:28:19
羊东矿,0000032A05,42区永久避难硐室后门CO,一氧化碳,0.00,ppm,2020-10-16 04:28:19
羊东矿,0000032A06,42区永久避难硐室后门CO2,二氧化碳,0.00,%,2020-10-16 04:28:19
羊东矿,0000032A07,42区永久避难硐室后门甲烷激,甲烷,0.00,%CH4,2020-10-16 04:28:19
羊东矿,0000032A09,42皮带上部进风甲烷激,甲烷,0.03,%CH4,2020-10-16 04:28:19
羊东矿,0000032A10,42区永久避难硐室生存室CO2,二氧化碳,0.01,%,2020-10-16 04:28:19
羊东矿,0000032A13,42回风改造甲烷,甲烷,0.09,%CH4,2020-10-16 04:28:19
羊东矿,0000032A15,42回风改造风速,风速,2.70,m/s,2020-10-16 04:28:19
羊东矿,0000032D12,42皮带上部进风风向,开停,开,,2020-10-16 04:28:19
羊东矿,0000033A05,进风道猴车车房温度,温度,20.30,℃,2020-10-16 04:28:19
羊东矿,0000033A06,副斜车房温度,温度,17.20,℃,2020-10-16 04:28:19
羊东矿,0000033A08,-110治水泵房温度,温度,23.20,℃,2020-10-16 04:28:19
羊东矿,0000033A09,南井正前进风甲烷激,甲烷,0.00,%CH4,2020-10-16 04:28:19
羊东矿,0000033D10,南井正前进风风向,开停,停,,2020-10-16 04:28:19
羊东矿,0000037A05,佐城二号总回风速,风速,4.50,m/s,2020-10-16 04:28:19
羊东矿,0000037A06,佐城二号总回甲烷,甲烷,0.06,%CH4,2020-10-16 04:28:19
羊东矿,0000037A07,42采区回风巷甲烷,甲烷,0.12,%CH4,2020-10-16 04:28:19
羊东矿,0000031A07,8470运料巷配巷掘进面回风风速,风速,1.30,m/s,2020-10-16 04:28:46
羊东矿,0000031A08,8470运料巷配巷掘进面加密甲烷,甲烷,0.00,%CH4,2020-10-16 04:28:46
羊东矿,0000031A09,8470运料巷配巷掘进面甲烷T1,甲烷,0.05,%CH4,2020-10-16 04:28:46
羊东矿,0000031A12,8470运料巷配巷掘进面粉尘,粉尘浓度,0.00,mg/ m3,2020-10-16 04:28:46
羊东矿,0000031A14,8470运料巷配巷掘进面分风口甲烷T4,甲烷,0.00,%CH4,2020-10-16 04:28:46
羊东矿,0000031C01,8470运料巷配巷掘进面动力断电,断电控制器,复电,,2020-10-16 04:28:46
羊东矿,0000031D02,8470运料巷配巷掘进面动力馈电,馈电传感器,负荷侧有电压,,2020-10-16 04:28:46
羊东矿,0000031D03,8470运料巷配巷掘进面副风机,开停,停,,2020-10-16 04:28:46
羊东矿,0000031D04,8470运料巷配巷掘进面主风机,开停,开,,2020-10-16 04:28:46
羊东矿,0000031D10,8470运料巷配巷掘进面风筒,风筒开关传感器,风筒有风,,2020-10-16 04:28:46
羊东矿,0000031D13,8470运料巷配巷掘进面主风机馈电,馈电传感器,负荷侧有电压,,2020-10-16 04:28:46
羊东矿,0000031D15,8470运料巷配巷掘进面副风机馈电,馈电传感器,负荷侧有电压,,2020-10-16 04:28:46
羊东矿,0000031D16,8470运料巷配巷掘进面风向,开停,开,,2020-10-16 04:28:46
羊东矿,0000032A04,42区永久避难硐室后门过渡室CO.,一氧化碳,0.00,ppm,2020-10-16 04:28:46
羊东矿,0000032A05,42区永久避难硐室后门CO,一氧化碳,0.00,ppm,2020-10-16 04:28:46
羊东矿,0000032A06,42区永久避难硐室后门CO2,二氧化碳,0.00,%,2020-10-16 04:28:46
羊东矿,0000032A07,42区永久避难硐室后门甲烷激,甲烷,0.00,%CH4,2020-10-16 04:28:46
羊东矿,0000032A09,42皮带上部进风甲烷激,甲烷,0.03,%CH4,2020-10-16 04:28:46
羊东矿,0000032A10,42区永久避难硐室生存室CO2,二氧化碳,0.01,%,2020-10-16 04:28:46
羊东矿,0000032A13,42回风改造甲烷,甲烷,0.10,%CH4,2020-10-16 04:28:46
羊东矿,0000032A15,42回风改造风速,风速,2.70,m/s,2020-10-16 04:28:46
羊东矿,0000032D12,42皮带上部进风风向,开停,开,,2020-10-16 04:28:46
羊东矿,0000033A05,进风道猴车车房温度,温度,20.30,℃,2020-10-16 04:28:46
羊东矿,0000033A06,副斜车房温度,温度,17.20,℃,2020-10-16 04:28:46
羊东矿,0000033A08,-110治水泵房温度,温度,23.20,℃,2020-10-16 04:28:46
羊东矿,0000033A09,南井正前进风甲烷激,甲烷,0.00,%CH4,2020-10-16 04:28:46
羊东矿,0000033D10,南井正前进风风向,开停,停,,2020-10-16 04:28:46
羊东矿,0000037A05,佐城二号总回风速,风速,4.50,m/s,2020-10-16 04:28:46
羊东矿,0000037A06,佐城二号总回甲烷,甲烷,0.06,%CH4,2020-10-16 04:28:46
羊东矿,0000037A07,42采区回风巷甲烷,甲烷,0.12,%CH4,2020-10-16 04:28:46
羊东矿,0000031A07,8470运料巷配巷掘进面回风风速,风速,1.30,m/s,2020-10-16 04:29:38
羊东矿,0000031A08,8470运料巷配巷掘进面加密甲烷,甲烷,0.00,%CH4,2020-10-16 04:29:38
羊东矿,0000031A09,8470运料巷配巷掘进面甲烷T1,甲烷,0.05,%CH4,2020-10-16 04:29:38
羊东矿,0000031A12,8470运料巷配巷掘进面粉尘,粉尘浓度,0.00,mg/ m3,2020-10-16 04:29:38
羊东矿,0000031A14,8470运料巷配巷掘进面分风口甲烷T4,甲烷,0.00,%CH4,2020-10-16 04:29:38
羊东矿,0000031C01,8470运料巷配巷掘进面动力断电,断电控制器,复电,,2020-10-16 04:29:38
羊东矿,0000031D02,8470运料巷配巷掘进面动力馈电,馈电传感器,负荷侧有电压,,2020-10-16 04:29:38
羊东矿,0000031D03,8470运料巷配巷掘进面副风机,开停,停,,2020-10-16 04:29:38
羊东矿,0000031D04,8470运料巷配巷掘进面主风机,开停,开,,2020-10-16 04:29:38
羊东矿,0000031D10,8470运料巷配巷掘进面风筒,风筒开关传感器,风筒有风,,2020-10-16 04:29:38
羊东矿,0000031D13,8470运料巷配巷掘进面主风机馈电,馈电传感器,负荷侧有电压,,2020-10-16 04:29:38
羊东矿,0000031D15,8470运料巷配巷掘进面副风机馈电,馈电传感器,负荷侧有电压,,2020-10-16 04:29:38
羊东矿,0000031D16,8470运料巷配巷掘进面风向,开停,开,,2020-10-16 04:29:38
羊东矿,0000032A04,42区永久避难硐室后门过渡室CO.,一氧化碳,0.00,ppm,2020-10-16 04:29:38
羊东矿,0000032A05,42区永久避难硐室后门CO,一氧化碳,0.00,ppm,2020-10-16 04:29:38
羊东矿,0000032A06,42区永久避难硐室后门CO2,二氧化碳,0.00,%,2020-10-16 04:29:38
羊东矿,0000032A07,42区永久避难硐室后门甲烷激,甲烷,0.00,%CH4,2020-10-16 04:29:38
羊东矿,0000032A09,42皮带上部进风甲烷激,甲烷,0.03,%CH4,2020-10-16 04:29:38
羊东矿,0000032A10,42区永久避难硐室生存室CO2,二氧化碳,0.01,%,2020-10-16 04:29:38
羊东矿,0000032A13,42回风改造甲烷,甲烷,0.10,%CH4,2020-10-16 04:29:38
羊东矿,0000032A15,42回风改造风速,风速,2.80,m/s,2020-10-16 04:29:38
羊东矿,0000032D12,42皮带上部进风风向,开停,开,,2020-10-16 04:29:38
羊东矿,0000033A05,进风道猴车车房温度,温度,20.30,℃,2020-10-16 04:29:38
羊东矿,0000033A06,副斜车房温度,温度,17.20,℃,2020-10-16 04:29:38
羊东矿,0000033A08,-110治水泵房温度,温度,23.10,℃,2020-10-16 04:29:38
羊东矿,0000033A09,南井正前进风甲烷激,甲烷,0.00,%CH4,2020-10-16 04:29:38
羊东矿,0000033D10,南井正前进风风向,开停,停,,2020-10-16 04:29:38
羊东矿,0000037A05,佐城二号总回风速,风速,4.50,m/s,2020-10-16 04:29:38
羊东矿,0000037A06,佐城二号总回甲烷,甲烷,0.06,%CH4,2020-10-16 04:29:38
羊东矿,0000037A07,42采区回风巷甲烷,甲烷,0.12,%CH4,2020-10-16 04:29:38
羊东矿,0000031A07,8470运料巷配巷掘进面回风风速,风速,1.30,m/s,2020-10-16 04:30:04
羊东矿,0000031A08,8470运料巷配巷掘进面加密甲烷,甲烷,0.00,%CH4,2020-10-16 04:30:04
羊东矿,0000031A09,8470运料巷配巷掘进面甲烷T1,甲烷,0.05,%CH4,2020-10-16 04:30:04
羊东矿,0000031A12,8470运料巷配巷掘进面粉尘,粉尘浓度,0.00,mg/ m3,2020-10-16 04:30:04
羊东矿,0000031A14,8470运料巷配巷掘进面分风口甲烷T4,甲烷,0.01,%CH4,2020-10-16 04:30:04
羊东矿,0000031C01,8470运料巷配巷掘进面动力断电,断电控制器,复电,,2020-10-16 04:30:04
羊东矿,0000031D02,8470运料巷配巷掘进面动力馈电,馈电传感器,负荷侧有电压,,2020-10-16 04:30:04
羊东矿,0000031D03,8470运料巷配巷掘进面副风机,开停,停,,2020-10-16 04:30:04
羊东矿,0000031D04,8470运料巷配巷掘进面主风机,开停,开,,2020-10-16 04:30:04
羊东矿,0000031D10,8470运料巷配巷掘进面风筒,风筒开关传感器,风筒有风,,2020-10-16 04:30:04
羊东矿,0000031D13,8470运料巷配巷掘进面主风机馈电,馈电传感器,负荷侧有电压,,2020-10-16 04:30:04
羊东矿,0000031D15,8470运料巷配巷掘进面副风机馈电,馈电传感器,负荷侧有电压,,2020-10-16 04:30:04
羊东矿,0000031D16,8470运料巷配巷掘进面风向,开停,开,,2020-10-16 04:30:04
羊东矿,0000032A04,42区永久避难硐室后门过渡室CO.,一氧化碳,0.00,ppm,2020-10-16 04:30:04
羊东矿,0000032A05,42区永久避难硐室后门CO,一氧化碳,0.00,ppm,2020-10-16 04:30:04
羊东矿,0000032A06,42区永久避难硐室后门CO2,二氧化碳,0.00,%,2020-10-16 04:30:04
羊东矿,0000032A07,42区永久避难硐室后门甲烷激,甲烷,0.00,%CH4,2020-10-16 04:30:04
羊东矿,0000032A09,42皮带上部进风甲烷激,甲烷,0.03,%CH4,2020-10-16 04:30:04
羊东矿,0000032A10,42区永久避难硐室生存室CO2,二氧化碳,0.01,%,2020-10-16 04:30:04
羊东矿,0000032A13,42回风改造甲烷,甲烷,0.10,%CH4,2020-10-16 04:30:04
羊东矿,0000032A15,42回风改造风速,风速,2.50,m/s,2020-10-16 04:30:04
羊东矿,0000032D12,42皮带上部进风风向,开停,开,,2020-10-16 04:30:04
羊东矿,0000033A05,进风道猴车车房温度,温度,20.30,℃,2020-10-16 04:30:04
羊东矿,0000033A06,副斜车房温度,温度,17.10,℃,2020-10-16 04:30:04
羊东矿,0000033A08,-110治水泵房温度,温度,23.20,℃,2020-10-16 04:30:04
羊东矿,0000033A09,南井正前进风甲烷激,甲烷,0.00,%CH4,2020-10-16 04:30:04
羊东矿,0000033D10,南井正前进风风向,开停,停,,2020-10-16 04:30:04
羊东矿,0000037A05,佐城二号总回风速,风速,4.50,m/s,2020-10-16 04:30:04
羊东矿,0000037A06,佐城二号总回甲烷,甲烷,0.06,%CH4,2020-10-16 04:30:04
羊东矿,0000037A07,42采区回风巷甲烷,甲烷,0.12,%CH4,2020-10-16 04:30:04
羊东矿,0000031A07,8470运料巷配巷掘进面回风风速,风速,1.20,m/s,2020-10-16 04:30:57
羊东矿,0000031A08,8470运料巷配巷掘进面加密甲烷,甲烷,0.00,%CH4,2020-10-16 04:30:57
羊东矿,0000031A09,8470运料巷配巷掘进面甲烷T1,甲烷,0.05,%CH4,2020-10-16 04:30:57
羊东矿,0000031A12,8470运料巷配巷掘进面粉尘,粉尘浓度,0.00,mg/ m3,2020-10-16 04:30:57
羊东矿,0000031A14,8470运料巷配巷掘进面分风口甲烷T4,甲烷,0.00,%CH4,2020-10-16 04:30:57
羊东矿,0000031C01,8470运料巷配巷掘进面动力断电,断电控制器,复电,,2020-10-16 04:30:57
羊东矿,0000031D02,8470运料巷配巷掘进面动力馈电,馈电传感器,负荷侧有电压,,2020-10-16 04:30:57
羊东矿,0000031D03,8470运料巷配巷掘进面副风机,开停,停,,2020-10-16 04:30:57
羊东矿,0000031D04,8470运料巷配巷掘进面主风机,开停,开,,2020-10-16 04:30:57
羊东矿,0000031D10,8470运料巷配巷掘进面风筒,风筒开关传感器,风筒有风,,2020-10-16 04:30:57
羊东矿,0000031D13,8470运料巷配巷掘进面主风机馈电,馈电传感器,负荷侧有电压,,2020-10-16 04:30:57
羊东矿,0000031D15,8470运料巷配巷掘进面副风机馈电,馈电传感器,负荷侧有电压,,2020-10-16 04:30:57
羊东矿,0000031D16,8470运料巷配巷掘进面风向,开停,开,,2020-10-16 04:30:57
羊东矿,0000032A04,42区永久避难硐室后门过渡室CO.,一氧化碳,0.00,ppm,2020-10-16 04:30:57
羊东矿,0000032A05,42区永久避难硐室后门CO,一氧化碳,0.00,ppm,2020-10-16 04:30:57
羊东矿,0000032A06,42区永久避难硐室后门CO2,二氧化碳,0.00,%,2020-10-16 04:30:57
羊东矿,0000032A07,42区永久避难硐室后门甲烷激,甲烷,0.00,%CH4,2020-10-16 04:30:57
羊东矿,0000032A09,42皮带上部进风甲烷激,甲烷,0.03,%CH4,2020-10-16 04:30:57
羊东矿,0000032A10,42区永久避难硐室生存室CO2,二氧化碳,0.01,%,2020-10-16 04:30:57
羊东矿,0000032A13,42回风改造甲烷,甲烷,0.10,%CH4,2020-10-16 04:30:57
羊东矿,0000032A15,42回风改造风速,风速,2.60,m/s,2020-10-16 04:30:57
羊东矿,0000032D12,42皮带上部进风风向,开停,开,,2020-10-16 04:30:57
羊东矿,0000033A05,进风道猴车车房温度,温度,20.30,℃,2020-10-16 04:30:57
羊东矿,0000033A06,副斜车房温度,温度,17.20,℃,2020-10-16 04:30:57
羊东矿,0000033A08,-110治水泵房温度,温度,23.20,℃,2020-10-16 04:30:57
羊东矿,0000033A09,南井正前进风甲烷激,甲烷,0.00,%CH4,2020-10-16 04:30:57
羊东矿,0000033D10,南井正前进风风向,开停,停,,2020-10-16 04:30:57
羊东矿,0000037A05,佐城二号总回风速,风速,4.50,m/s,2020-10-16 04:30:57
羊东矿,0000037A06,佐城二号总回甲烷,甲烷,0.06,%CH4,2020-10-16 04:30:57
羊东矿,0000037A07,42采区回风巷甲烷,甲烷,0.12,%CH4,2020-10-16 04:30:57
羊东矿,0000031A07,8470运料巷配巷掘进面回风风速,风速,1.30,m/s,2020-10-16 04:31:24
羊东矿,0000031A08,8470运料巷配巷掘进面加密甲烷,甲烷,0.00,%CH4,2020-10-16 04:31:24
羊东矿,0000031A09,8470运料巷配巷掘进面甲烷T1,甲烷,0.05,%CH4,2020-10-16 04:31:24
羊东矿,0000031A12,8470运料巷配巷掘进面粉尘,粉尘浓度,0.00,mg/ m3,2020-10-16 04:31:24
羊东矿,0000031A14,8470运料巷配巷掘进面分风口甲烷T4,甲烷,0.00,%CH4,2020-10-16 04:31:24
羊东矿,0000031C01,8470运料巷配巷掘进面动力断电,断电控制器,复电,,2020-10-16 04:31:24
羊东矿,0000031D02,8470运料巷配巷掘进面动力馈电,馈电传感器,负荷侧有电压,,2020-10-16 04:31:24
羊东矿,0000031D03,8470运料巷配巷掘进面副风机,开停,停,,2020-10-16 04:31:24
羊东矿,0000031D04,8470运料巷配巷掘进面主风机,开停,开,,2020-10-16 04:31:24
羊东矿,0000031D10,8470运料巷配巷掘进面风筒,风筒开关传感器,风筒有风,,2020-10-16 04:31:24
羊东矿,0000031D13,8470运料巷配巷掘进面主风机馈电,馈电传感器,负荷侧有电压,,2020-10-16 04:31:24
羊东矿,0000031D15,8470运料巷配巷掘进面副风机馈电,馈电传感器,负荷侧有电压,,2020-10-16 04:31:24
羊东矿,0000031D16,8470运料巷配巷掘进面风向,开停,开,,2020-10-16 04:31:24
羊东矿,0000032A04,42区永久避难硐室后门过渡室CO.,一氧化碳,0.00,ppm,2020-10-16 04:31:24
羊东矿,0000032A05,42区永久避难硐室后门CO,一氧化碳,0.00,ppm,2020-10-16 04:31:24
羊东矿,0000032A06,42区永久避难硐室后门CO2,二氧化碳,0.00,%,2020-10-16 04:31:24
羊东矿,0000032A07,42区永久避难硐室后门甲烷激,甲烷,0.00,%CH4,2020-10-16 04:31:24
羊东矿,0000032A09,42皮带上部进风甲烷激,甲烷,0.03,%CH4,2020-10-16 04:31:24
羊东矿,0000032A10,42区永久避难硐室生存室CO2,二氧化碳,0.01,%,2020-10-16 04:31:24
羊东矿,0000032A13,42回风改造甲烷,甲烷,0.10,%CH4,2020-10-16 04:31:24
羊东矿,0000032A15,42回风改造风速,风速,2.60,m/s,2020-10-16 04:31:24
羊东矿,0000032D12,42皮带上部进风风向,开停,开,,2020-10-16 04:31:24
羊东矿,0000033A05,进风道猴车车房温度,温度,20.30,℃,2020-10-16 04:31:24
羊东矿,0000033A06,副斜车房温度,温度,17.20,℃,2020-10-16 04:31:24
羊东矿,0000033A08,-110治水泵房温度,温度,23.20,℃,2020-10-16 04:31:24
羊东矿,0000033A09,南井正前进风甲烷激,甲烷,0.00,%CH4,2020-10-16 04:31:24
羊东矿,0000033D10,南井正前进风风向,开停,停,,2020-10-16 04:31:24
羊东矿,0000037A05,佐城二号总回风速,风速,4.50,m/s,2020-10-16 04:31:24
羊东矿,0000037A06,佐城二号总回甲烷,甲烷,0.06,%CH4,2020-10-16 04:31:24
羊东矿,0000037A07,42采区回风巷甲烷,甲烷,0.12,%CH4,2020-10-16 04:31:24
羊东矿,0000031A07,8470运料巷配巷掘进面回风风速,风速,1.30,m/s,2020-10-16 04:31:50
羊东矿,0000031A08,8470运料巷配巷掘进面加密甲烷,甲烷,0.01,%CH4,2020-10-16 04:31:50
羊东矿,0000031A09,8470运料巷配巷掘进面甲烷T1,甲烷,0.04,%CH4,2020-10-16 04:31:50
羊东矿,0000031A12,8470运料巷配巷掘进面粉尘,粉尘浓度,0.00,mg/ m3,2020-10-16 04:31:50
羊东矿,0000031A14,8470运料巷配巷掘进面分风口甲烷T4,甲烷,0.00,%CH4,2020-10-16 04:31:50
羊东矿,0000031C01,8470运料巷配巷掘进面动力断电,断电控制器,复电,,2020-10-16 04:31:50
羊东矿,0000031D02,8470运料巷配巷掘进面动力馈电,馈电传感器,负荷侧有电压,,2020-10-16 04:31:50
羊东矿,0000031D03,8470运料巷配巷掘进面副风机,开停,停,,2020-10-16 04:31:50
羊东矿,0000031D04,8470运料巷配巷掘进面主风机,开停,开,,2020-10-16 04:31:50
羊东矿,0000031D10,8470运料巷配巷掘进面风筒,风筒开关传感器,风筒有风,,2020-10-16 04:31:50
羊东矿,0000031D13,8470运料巷配巷掘进面主风机馈电,馈电传感器,负荷侧有电压,,2020-10-16 04:31:50
羊东矿,0000031D15,8470运料巷配巷掘进面副风机馈电,馈电传感器,负荷侧有电压,,2020-10-16 04:31:50
羊东矿,0000031D16,8470运料巷配巷掘进面风向,开停,开,,2020-10-16 04:31:50
羊东矿,0000032A04,42区永久避难硐室后门过渡室CO.,一氧化碳,0.00,ppm,2020-10-16 04:31:50
羊东矿,0000032A05,42区永久避难硐室后门CO,一氧化碳,0.00,ppm,2020-10-16 04:31:50
羊东矿,0000032A06,42区永久避难硐室后门CO2,二氧化碳,0.00,%,2020-10-16 04:31:50
羊东矿,0000032A07,42区永久避难硐室后门甲烷激,甲烷,0.00,%CH4,2020-10-16 04:31:50
羊东矿,0000032A09,42皮带上部进风甲烷激,甲烷,0.03,%CH4,2020-10-16 04:31:50
羊东矿,0000032A10,42区永久避难硐室生存室CO2,二氧化碳,0.01,%,2020-10-16 04:31:50
羊东矿,0000032A13,42回风改造甲烷,甲烷,0.10,%CH4,2020-10-16 04:31:50
羊东矿,0000032A15,42回风改造风速,风速,2.80,m/s,2020-10-16 04:31:50
羊东矿,0000032D12,42皮带上部进风风向,开停,开,,2020-10-16 04:31:50
羊东矿,0000033A05,进风道猴车车房温度,温度,20.30,℃,2020-10-16 04:31:50
羊东矿,0000033A06,副斜车房温度,温度,17.20,℃,2020-10-16 04:31:50
羊东矿,0000033A08,-110治水泵房温度,温度,23.20,℃,2020-10-16 04:31:50
羊东矿,0000033A09,南井正前进风甲烷激,甲烷,0.00,%CH4,2020-10-16 04:31:50
羊东矿,0000033D10,南井正前进风风向,开停,停,,2020-10-16 04:31:50
羊东矿,0000037A05,佐城二号总回风速,风速,4.50,m/s,2020-10-16 04:31:50
羊东矿,0000037A06,佐城二号总回甲烷,甲烷,0.06,%CH4,2020-10-16 04:31:50
羊东矿,0000037A07,42采区回风巷甲烷,甲烷,0.12,%CH4,2020-10-16 04:31:50
羊东矿,0000031A07,8470运料巷配巷掘进面回风风速,风速,1.40,m/s,2020-10-16 04:32:42
羊东矿,0000031A08,8470运料巷配巷掘进面加密甲烷,甲烷,0.00,%CH4,2020-10-16 04:32:42
羊东矿,0000031A09,8470运料巷配巷掘进面甲烷T1,甲烷,0.05,%CH4,2020-10-16 04:32:42
羊东矿,0000031A12,8470运料巷配巷掘进面粉尘,粉尘浓度,0.00,mg/ m3,2020-10-16 04:32:42
羊东矿,0000031A14,8470运料巷配巷掘进面分风口甲烷T4,甲烷,0.00,%CH4,2020-10-16 04:32:42
羊东矿,0000031C01,8470运料巷配巷掘进面动力断电,断电控制器,复电,,2020-10-16 04:32:42
羊东矿,0000031D02,8470运料巷配巷掘进面动力馈电,馈电传感器,负荷侧有电压,,2020-10-16 04:32:42
羊东矿,0000031D03,8470运料巷配巷掘进面副风机,开停,停,,2020-10-16 04:32:42
羊东矿,0000031D04,8470运料巷配巷掘进面主风机,开停,开,,2020-10-16 04:32:42
羊东矿,0000031D10,8470运料巷配巷掘进面风筒,风筒开关传感器,风筒有风,,2020-10-16 04:32:42
羊东矿,0000031D13,8470运料巷配巷掘进面主风机馈电,馈电传感器,负荷侧有电压,,2020-10-16 04:32:42
羊东矿,0000031D15,8470运料巷配巷掘进面副风机馈电,馈电传感器,负荷侧有电压,,2020-10-16 04:32:42
羊东矿,0000031D16,8470运料巷配巷掘进面风向,开停,开,,2020-10-16 04:32:42
羊东矿,0000032A04,42区永久避难硐室后门过渡室CO.,一氧化碳,0.00,ppm,2020-10-16 04:32:42
羊东矿,0000032A05,42区永久避难硐室后门CO,一氧化碳,0.00,ppm,2020-10-16 04:32:42
羊东矿,0000032A06,42区永久避难硐室后门CO2,二氧化碳,0.00,%,2020-10-16 04:32:42
羊东矿,0000032A07,42区永久避难硐室后门甲烷激,甲烷,0.00,%CH4,2020-10-16 04:32:42
羊东矿,0000032A09,42皮带上部进风甲烷激,甲烷,0.03,%CH4,2020-10-16 04:32:42
羊东矿,0000032A10,42区永久避难硐室生存室CO2,二氧化碳,0.01,%,2020-10-16 04:32:42
羊东矿,0000032A13,42回风改造甲烷,甲烷,0.10,%CH4,2020-10-16 04:32:42
羊东矿,0000032A15,42回风改造风速,风速,2.50,m/s,2020-10-16 04:32:42
羊东矿,0000032D12,42皮带上部进风风向,开停,开,,2020-10-16 04:32:42
羊东矿,0000033A05,进风道猴车车房温度,温度,20.30,℃,2020-10-16 04:32:42
羊东矿,0000033A06,副斜车房温度,温度,17.20,℃,2020-10-16 04:32:42
羊东矿,0000033A08,-110治水泵房温度,温度,23.20,℃,2020-10-16 04:32:42
羊东矿,0000033A09,南井正前进风甲烷激,甲烷,0.00,%CH4,2020-10-16 04:32:42
羊东矿,0000033D10,南井正前进风风向,开停,停,,2020-10-16 04:32:42
羊东矿,0000037A05,佐城二号总回风速,风速,4.50,m/s,2020-10-16 04:32:42
羊东矿,0000037A06,佐城二号总回甲烷,甲烷,0.06,%CH4,2020-10-16 04:32:42
羊东矿,0000037A07,42采区回风巷甲烷,甲烷,0.12,%CH4,2020-10-16 04:32:42
羊东矿,0000031A07,8470运料巷配巷掘进面回风风速,风速,1.30,m/s,2020-10-16 04:33:09
羊东矿,0000031A08,8470运料巷配巷掘进面加密甲烷,甲烷,0.00,%CH4,2020-10-16 04:33:09
羊东矿,0000031A09,8470运料巷配巷掘进面甲烷T1,甲烷,0.04,%CH4,2020-10-16 04:33:09
羊东矿,0000031A12,8470运料巷配巷掘进面粉尘,粉尘浓度,0.00,mg/ m3,2020-10-16 04:33:09
羊东矿,0000031A14,8470运料巷配巷掘进面分风口甲烷T4,甲烷,0.00,%CH4,2020-10-16 04:33:09
羊东矿,0000031C01,8470运料巷配巷掘进面动力断电,断电控制器,复电,,2020-10-16 04:33:09
羊东矿,0000031D02,8470运料巷配巷掘进面动力馈电,馈电传感器,负荷侧有电压,,2020-10-16 04:33:09
羊东矿,0000031D03,8470运料巷配巷掘进面副风机,开停,停,,2020-10-16 04:33:09
羊东矿,0000031D04,8470运料巷配巷掘进面主风机,开停,开,,2020-10-16 04:33:09
羊东矿,0000031D10,8470运料巷配巷掘进面风筒,风筒开关传感器,风筒有风,,2020-10-16 04:33:09
羊东矿,0000031D13,8470运料巷配巷掘进面主风机馈电,馈电传感器,负荷侧有电压,,2020-10-16 04:33:09
羊东矿,0000031D15,8470运料巷配巷掘进面副风机馈电,馈电传感器,负荷侧有电压,,2020-10-16 04:33:09
羊东矿,0000031D16,8470运料巷配巷掘进面风向,开停,开,,2020-10-16 04:33:09
羊东矿,0000032A04,42区永久避难硐室后门过渡室CO.,一氧化碳,0.00,ppm,2020-10-16 04:33:09
羊东矿,0000032A05,42区永久避难硐室后门CO,一氧化碳,0.00,ppm,2020-10-16 04:33:09
羊东矿,0000032A06,42区永久避难硐室后门CO2,二氧化碳,0.00,%,2020-10-16 04:33:09
羊东矿,0000032A07,42区永久避难硐室后门甲烷激,甲烷,0.00,%CH4,2020-10-16 04:33:09
羊东矿,0000032A09,42皮带上部进风甲烷激,甲烷,0.03,%CH4,2020-10-16 04:33:09
羊东矿,0000032A10,42区永久避难硐室生存室CO2,二氧化碳,0.01,%,2020-10-16 04:33:09
羊东矿,0000032A13,42回风改造甲烷,甲烷,0.10,%CH4,2020-10-16 04:33:09
羊东矿,0000032A15,42回风改造风速,风速,2.60,m/s,2020-10-16 04:33:09
羊东矿,0000032D12,42皮带上部进风风向,开停,开,,2020-10-16 04:33:09
羊东矿,0000033A05,进风道猴车车房温度,温度,20.30,℃,2020-10-16 04:33:09
羊东矿,0000033A06,副斜车房温度,温度,17.20,℃,2020-10-16 04:33:09
羊东矿,0000033A08,-110治水泵房温度,温度,23.20,℃,2020-10-16 04:33:09
羊东矿,0000033A09,南井正前进风甲烷激,甲烷,0.00,%CH4,2020-10-16 04:33:09
羊东矿,0000033D10,南井正前进风风向,开停,停,,2020-10-16 04:33:09
羊东矿,0000037A05,佐城二号总回风速,风速,4.60,m/s,2020-10-16 04:33:09
羊东矿,0000037A06,佐城二号总回甲烷,甲烷,0.06,%CH4,2020-10-16 04:33:09
羊东矿,0000037A07,42采区回风巷甲烷,甲烷,0.12,%CH4,2020-10-16 04:33:09
羊东矿,0000031A07,8470运料巷配巷掘进面回风风速,风速,1.30,m/s,2020-10-16 04:33:09
羊东矿,0000031A08,8470运料巷配巷掘进面加密甲烷,甲烷,0.00,%CH4,2020-10-16 04:33:09
羊东矿,0000031A09,8470运料巷配巷掘进面甲烷T1,甲烷,0.04,%CH4,2020-10-16 04:33:09
羊东矿,0000031A12,8470运料巷配巷掘进面粉尘,粉尘浓度,0.00,mg/ m3,2020-10-16 04:33:09
羊东矿,0000031A14,8470运料巷配巷掘进面分风口甲烷T4,甲烷,0.00,%CH4,2020-10-16 04:33:09
羊东矿,0000031C01,8470运料巷配巷掘进面动力断电,断电控制器,复电,,2020-10-16 04:33:09
羊东矿,0000031D02,8470运料巷配巷掘进面动力馈电,馈电传感器,负荷侧有电压,,2020-10-16 04:33:09
羊东矿,0000031D03,8470运料巷配巷掘进面副风机,开停,停,,2020-10-16 04:33:09
羊东矿,0000031D04,8470运料巷配巷掘进面主风机,开停,开,,2020-10-16 04:33:09
羊东矿,0000031D10,8470运料巷配巷掘进面风筒,风筒开关传感器,风筒有风,,2020-10-16 04:33:09
羊东矿,0000031D13,8470运料巷配巷掘进面主风机馈电,馈电传感器,负荷侧有电压,,2020-10-16 04:33:09
羊东矿,0000031D15,8470运料巷配巷掘进面副风机馈电,馈电传感器,负荷侧有电压,,2020-10-16 04:33:09
羊东矿,0000031D16,8470运料巷配巷掘进面风向,开停,开,,2020-10-16 04:33:09
羊东矿,0000032A04,42区永久避难硐室后门过渡室CO.,一氧化碳,0.00,ppm,2020-10-16 04:33:09
羊东矿,0000032A05,42区永久避难硐室后门CO,一氧化碳,0.00,ppm,2020-10-16 04:33:09
羊东矿,0000032A06,42区永久避难硐室后门CO2,二氧化碳,0.00,%,2020-10-16 04:33:09
羊东矿,0000032A07,42区永久避难硐室后门甲烷激,甲烷,0.00,%CH4,2020-10-16 04:33:09
羊东矿,0000032A09,42皮带上部进风甲烷激,甲烷,0.03,%CH4,2020-10-16 04:33:09
羊东矿,0000032A10,42区永久避难硐室生存室CO2,二氧化碳,0.01,%,2020-10-16 04:33:09
羊东矿,0000032A13,42回风改造甲烷,甲烷,0.10,%CH4,2020-10-16 04:33:09
羊东矿,0000032A15,42回风改造风速,风速,2.60,m/s,2020-10-16 04:33:09
羊东矿,0000032D12,42皮带上部进风风向,开停,开,,2020-10-16 04:33:09
羊东矿,0000033A05,进风道猴车车房温度,温度,20.30,℃,2020-10-16 04:33:09
羊东矿,0000033A06,副斜车房温度,温度,17.20,℃,2020-10-16 04:33:09
羊东矿,0000033A08,-110治水泵房温度,温度,23.20,℃,2020-10-16 04:33:09
羊东矿,0000033A09,南井正前进风甲烷激,甲烷,0.00,%CH4,2020-10-16 04:33:09
羊东矿,0000033D10,南井正前进风风向,开停,停,,2020-10-16 04:33:09
羊东矿,0000037A05,佐城二号总回风速,风速,4.60,m/s,2020-10-16 04:33:09
羊东矿,0000037A06,佐城二号总回甲烷,甲烷,0.06,%CH4,2020-10-16 04:33:09
羊东矿,0000037A07,42采区回风巷甲烷,甲烷,0.12,%CH4,2020-10-16 04:33:09
羊东矿,0000031A07,8470运料巷配巷掘进面回风风速,风速,1.30,m/s,2020-10-16 04:33:35
羊东矿,0000031A08,8470运料巷配巷掘进面加密甲烷,甲烷,0.00,%CH4,2020-10-16 04:33:35
羊东矿,0000031A09,8470运料巷配巷掘进面甲烷T1,甲烷,0.05,%CH4,2020-10-16 04:33:35
羊东矿,0000031A12,8470运料巷配巷掘进面粉尘,粉尘浓度,0.00,mg/ m3,2020-10-16 04:33:35
羊东矿,0000031A14,8470运料巷配巷掘进面分风口甲烷T4,甲烷,0.00,%CH4,2020-10-16 04:33:35
羊东矿,0000031C01,8470运料巷配巷掘进面动力断电,断电控制器,复电,,2020-10-16 04:33:35
羊东矿,0000031D02,8470运料巷配巷掘进面动力馈电,馈电传感器,负荷侧有电压,,2020-10-16 04:33:35
羊东矿,0000031D03,8470运料巷配巷掘进面副风机,开停,停,,2020-10-16 04:33:35
羊东矿,0000031D04,8470运料巷配巷掘进面主风机,开停,开,,2020-10-16 04:33:35
羊东矿,0000031D10,8470运料巷配巷掘进面风筒,风筒开关传感器,风筒有风,,2020-10-16 04:33:35
羊东矿,0000031D13,8470运料巷配巷掘进面主风机馈电,馈电传感器,负荷侧有电压,,2020-10-16 04:33:35
羊东矿,0000031D15,8470运料巷配巷掘进面副风机馈电,馈电传感器,负荷侧有电压,,2020-10-16 04:33:35
羊东矿,0000031D16,8470运料巷配巷掘进面风向,开停,开,,2020-10-16 04:33:35
羊东矿,0000032A04,42区永久避难硐室后门过渡室CO.,一氧化碳,0.00,ppm,2020-10-16 04:33:35
羊东矿,0000032A05,42区永久避难硐室后门CO,一氧化碳,0.00,ppm,2020-10-16 04:33:35
羊东矿,0000032A06,42区永久避难硐室后门CO2,二氧化碳,0.00,%,2020-10-16 04:33:35
羊东矿,0000032A07,42区永久避难硐室后门甲烷激,甲烷,0.00,%CH4,2020-10-16 04:33:35
羊东矿,0000032A09,42皮带上部进风甲烷激,甲烷,0.03,%CH4,2020-10-16 04:33:35
羊东矿,0000032A10,42区永久避难硐室生存室CO2,二氧化碳,0.01,%,2020-10-16 04:33:35
羊东矿,0000032A13,42回风改造甲烷,甲烷,0.10,%CH4,2020-10-16 04:33:35
羊东矿,0000032A15,42回风改造风速,风速,2.70,m/s,2020-10-16 04:33:35
羊东矿,0000032D12,42皮带上部进风风向,开停,开,,2020-10-16 04:33:35
羊东矿,0000033A05,进风道猴车车房温度,温度,20.30,℃,2020-10-16 04:33:35
羊东矿,0000033A06,副斜车房温度,温度,17.20,℃,2020-10-16 04:33:35
羊东矿,0000033A08,-110治水泵房温度,温度,23.10,℃,2020-10-16 04:33:35
羊东矿,0000033A09,南井正前进风甲烷激,甲烷,0.00,%CH4,2020-10-16 04:33:35
羊东矿,0000033D10,南井正前进风风向,开停,停,,2020-10-16 04:33:35
羊东矿,0000037A05,佐城二号总回风速,风速,4.60,m/s,2020-10-16 04:33:35
羊东矿,0000037A06,佐城二号总回甲烷,甲烷,0.06,%CH4,2020-10-16 04:33:35
羊东矿,0000037A07,42采区回风巷甲烷,甲烷,0.12,%CH4,2020-10-16 04:33:35
羊东矿,0000031A07,8470运料巷配巷掘进面回风风速,风速,1.30,m/s,2020-10-16 04:34:28
羊东矿,0000031A08,8470运料巷配巷掘进面加密甲烷,甲烷,0.00,%CH4,2020-10-16 04:34:28
羊东矿,0000031A09,8470运料巷配巷掘进面甲烷T1,甲烷,0.04,%CH4,2020-10-16 04:34:28
羊东矿,0000031A12,8470运料巷配巷掘进面粉尘,粉尘浓度,0.00,mg/ m3,2020-10-16 04:34:28
羊东矿,0000031A14,8470运料巷配巷掘进面分风口甲烷T4,甲烷,0.00,%CH4,2020-10-16 04:34:28
羊东矿,0000031C01,8470运料巷配巷掘进面动力断电,断电控制器,复电,,2020-10-16 04:34:28
羊东矿,0000031D02,8470运料巷配巷掘进面动力馈电,馈电传感器,负荷侧有电压,,2020-10-16 04:34:28
羊东矿,0000031D03,8470运料巷配巷掘进面副风机,开停,停,,2020-10-16 04:34:28
羊东矿,0000031D04,8470运料巷配巷掘进面主风机,开停,开,,2020-10-16 04:34:28
羊东矿,0000031D10,8470运料巷配巷掘进面风筒,风筒开关传感器,风筒有风,,2020-10-16 04:34:28
羊东矿,0000031D13,8470运料巷配巷掘进面主风机馈电,馈电传感器,负荷侧有电压,,2020-10-16 04:34:28
羊东矿,0000031D15,8470运料巷配巷掘进面副风机馈电,馈电传感器,负荷侧有电压,,2020-10-16 04:34:28
羊东矿,0000031D16,8470运料巷配巷掘进面风向,开停,开,,2020-10-16 04:34:28
羊东矿,0000032A04,42区永久避难硐室后门过渡室CO.,一氧化碳,0.00,ppm,2020-10-16 04:34:28
羊东矿,0000032A05,42区永久避难硐室后门CO,一氧化碳,0.00,ppm,2020-10-16 04:34:28
羊东矿,0000032A06,42区永久避难硐室后门CO2,二氧化碳,0.00,%,2020-10-16 04:34:28
羊东矿,0000032A07,42区永久避难硐室后门甲烷激,甲烷,0.00,%CH4,2020-10-16 04:34:28
羊东矿,0000032A09,42皮带上部进风甲烷激,甲烷,0.02,%CH4,2020-10-16 04:34:28
羊东矿,0000032A10,42区永久避难硐室生存室CO2,二氧化碳,0.01,%,2020-10-16 04:34:28
羊东矿,0000032A13,42回风改造甲烷,甲烷,0.10,%CH4,2020-10-16 04:34:28
羊东矿,0000032A15,42回风改造风速,风速,2.60,m/s,2020-10-16 04:34:28
羊东矿,0000032D12,42皮带上部进风风向,开停,开,,2020-10-16 04:34:28
羊东矿,0000033A05,进风道猴车车房温度,温度,20.30,℃,2020-10-16 04:34:28
羊东矿,0000033A06,副斜车房温度,温度,17.20,℃,2020-10-16 04:34:28
羊东矿,0000033A08,-110治水泵房温度,温度,23.20,℃,2020-10-16 04:34:28
羊东矿,0000033A09,南井正前进风甲烷激,甲烷,0.00,%CH4,2020-10-16 04:34:28
羊东矿,0000033D10,南井正前进风风向,开停,停,,2020-10-16 04:34:28
羊东矿,0000037A05,佐城二号总回风速,风速,4.50,m/s,2020-10-16 04:34:28
羊东矿,0000037A06,佐城二号总回甲烷,甲烷,0.06,%CH4,2020-10-16 04:34:28
羊东矿,0000037A07,42采区回风巷甲烷,甲烷,0.12,%CH4,2020-10-16 04:34:28
羊东矿,0000031A07,8470运料巷配巷掘进面回风风速,风速,1.20,m/s,2020-10-16 04:34:54
羊东矿,0000031A08,8470运料巷配巷掘进面加密甲烷,甲烷,0.00,%CH4,2020-10-16 04:34:54
羊东矿,0000031A09,8470运料巷配巷掘进面甲烷T1,甲烷,0.05,%CH4,2020-10-16 04:34:54
羊东矿,0000031A12,8470运料巷配巷掘进面粉尘,粉尘浓度,0.00,mg/ m3,2020-10-16 04:34:54
羊东矿,0000031A14,8470运料巷配巷掘进面分风口甲烷T4,甲烷,0.00,%CH4,2020-10-16 04:34:54
羊东矿,0000031C01,8470运料巷配巷掘进面动力断电,断电控制器,复电,,2020-10-16 04:34:54
羊东矿,0000031D02,8470运料巷配巷掘进面动力馈电,馈电传感器,负荷侧有电压,,2020-10-16 04:34:54
羊东矿,0000031D03,8470运料巷配巷掘进面副风机,开停,停,,2020-10-16 04:34:54
羊东矿,0000031D04,8470运料巷配巷掘进面主风机,开停,开,,2020-10-16 04:34:54
羊东矿,0000031D10,8470运料巷配巷掘进面风筒,风筒开关传感器,风筒有风,,2020-10-16 04:34:54
羊东矿,0000031D13,8470运料巷配巷掘进面主风机馈电,馈电传感器,负荷侧有电压,,2020-10-16 04:34:54
羊东矿,0000031D15,8470运料巷配巷掘进面副风机馈电,馈电传感器,负荷侧有电压,,2020-10-16 04:34:54
羊东矿,0000031D16,8470运料巷配巷掘进面风向,开停,开,,2020-10-16 04:34:54
羊东矿,0000032A04,42区永久避难硐室后门过渡室CO.,一氧化碳,0.00,ppm,2020-10-16 04:34:54
羊东矿,0000032A05,42区永久避难硐室后门CO,一氧化碳,0.00,ppm,2020-10-16 04:34:54
羊东矿,0000032A06,42区永久避难硐室后门CO2,二氧化碳,0.00,%,2020-10-16 04:34:54
羊东矿,0000032A07,42区永久避难硐室后门甲烷激,甲烷,0.00,%CH4,2020-10-16 04:34:54
羊东矿,0000032A09,42皮带上部进风甲烷激,甲烷,0.03,%CH4,2020-10-16 04:34:54
羊东矿,0000032A10,42区永久避难硐室生存室CO2,二氧化碳,0.01,%,2020-10-16 04:34:54
羊东矿,0000032A13,42回风改造甲烷,甲烷,0.10,%CH4,2020-10-16 04:34:54
羊东矿,0000032A15,42回风改造风速,风速,2.60,m/s,2020-10-16 04:34:54
羊东矿,0000032D12,42皮带上部进风风向,开停,开,,2020-10-16 04:34:54
羊东矿,0000033A05,进风道猴车车房温度,温度,20.30,℃,2020-10-16 04:34:54
羊东矿,0000033A06,副斜车房温度,温度,17.20,℃,2020-10-16 04:34:54
羊东矿,0000033A08,-110治水泵房温度,温度,23.20,℃,2020-10-16 04:34:54
羊东矿,0000033A09,南井正前进风甲烷激,甲烷,0.00,%CH4,2020-10-16 04:34:54
羊东矿,0000033D10,南井正前进风风向,开停,停,,2020-10-16 04:34:54
羊东矿,0000037A05,佐城二号总回风速,风速,4.50,m/s,2020-10-16 04:34:54
羊东矿,0000037A06,佐城二号总回甲烷,甲烷,0.06,%CH4,2020-10-16 04:34:54
羊东矿,0000037A07,42采区回风巷甲烷,甲烷,0.12,%CH4,2020-10-16 04:34:54
羊东矿,0000031A07,8470运料巷配巷掘进面回风风速,风速,1.30,m/s,2020-10-16 04:35:20
羊东矿,0000031A08,8470运料巷配巷掘进面加密甲烷,甲烷,0.00,%CH4,2020-10-16 04:35:20
羊东矿,0000031A09,8470运料巷配巷掘进面甲烷T1,甲烷,0.04,%CH4,2020-10-16 04:35:20
羊东矿,0000031A12,8470运料巷配巷掘进面粉尘,粉尘浓度,0.00,mg/ m3,2020-10-16 04:35:20
羊东矿,0000031A14,8470运料巷配巷掘进面分风口甲烷T4,甲烷,0.00,%CH4,2020-10-16 04:35:20
羊东矿,0000031C01,8470运料巷配巷掘进面动力断电,断电控制器,复电,,2020-10-16 04:35:20
羊东矿,0000031D02,8470运料巷配巷掘进面动力馈电,馈电传感器,负荷侧有电压,,2020-10-16 04:35:20
羊东矿,0000031D03,8470运料巷配巷掘进面副风机,开停,停,,2020-10-16 04:35:20
羊东矿,0000031D04,8470运料巷配巷掘进面主风机,开停,开,,2020-10-16 04:35:20
羊东矿,0000031D10,8470运料巷配巷掘进面风筒,风筒开关传感器,风筒有风,,2020-10-16 04:35:20
羊东矿,0000031D13,8470运料巷配巷掘进面主风机馈电,馈电传感器,负荷侧有电压,,2020-10-16 04:35:20
羊东矿,0000031D15,8470运料巷配巷掘进面副风机馈电,馈电传感器,负荷侧有电压,,2020-10-16 04:35:20
羊东矿,0000031D16,8470运料巷配巷掘进面风向,开停,开,,2020-10-16 04:35:20
羊东矿,0000032A04,42区永久避难硐室后门过渡室CO.,一氧化碳,0.00,ppm,2020-10-16 04:35:20
羊东矿,0000032A05,42区永久避难硐室后门CO,一氧化碳,0.00,ppm,2020-10-16 04:35:20
羊东矿,0000032A06,42区永久避难硐室后门CO2,二氧化碳,0.00,%,2020-10-16 04:35:20
羊东矿,0000032A07,42区永久避难硐室后门甲烷激,甲烷,0.00,%CH4,2020-10-16 04:35:20
羊东矿,0000032A09,42皮带上部进风甲烷激,甲烷,0.03,%CH4,2020-10-16 04:35:20
羊东矿,0000032A10,42区永久避难硐室生存室CO2,二氧化碳,0.01,%,2020-10-16 04:35:20
羊东矿,0000032A13,42回风改造甲烷,甲烷,0.10,%CH4,2020-10-16 04:35:20
羊东矿,0000032A15,42回风改造风速,风速,2.80,m/s,2020-10-16 04:35:20
羊东矿,0000032D12,42皮带上部进风风向,开停,开,,2020-10-16 04:35:20
羊东矿,0000033A05,进风道猴车车房温度,温度,20.30,℃,2020-10-16 04:35:20
羊东矿,0000033A06,副斜车房温度,温度,17.20,℃,2020-10-16 04:35:20
羊东矿,0000033A08,-110治水泵房温度,温度,23.20,℃,2020-10-16 04:35:20
羊东矿,0000033A09,南井正前进风甲烷激,甲烷,0.00,%CH4,2020-10-16 04:35:20
羊东矿,0000033D10,南井正前进风风向,开停,停,,2020-10-16 04:35:20
羊东矿,0000037A05,佐城二号总回风速,风速,4.60,m/s,2020-10-16 04:35:20
羊东矿,0000037A06,佐城二号总回甲烷,甲烷,0.06,%CH4,2020-10-16 04:35:20
羊东矿,0000037A07,42采区回风巷甲烷,甲烷,0.11,%CH4,2020-10-16 04:35:20
羊东矿,0000031A07,8470运料巷配巷掘进面回风风速,风速,1.30,m/s,2020-10-16 04:36:13
羊东矿,0000031A08,8470运料巷配巷掘进面加密甲烷,甲烷,0.01,%CH4,2020-10-16 04:36:13
羊东矿,0000031A09,8470运料巷配巷掘进面甲烷T1,甲烷,0.04,%CH4,2020-10-16 04:36:13
羊东矿,0000031A12,8470运料巷配巷掘进面粉尘,粉尘浓度,0.00,mg/ m3,2020-10-16 04:36:13
羊东矿,0000031A14,8470运料巷配巷掘进面分风口甲烷T4,甲烷,0.00,%CH4,2020-10-16 04:36:13
羊东矿,0000031C01,8470运料巷配巷掘进面动力断电,断电控制器,复电,,2020-10-16 04:36:13
羊东矿,0000031D02,8470运料巷配巷掘进面动力馈电,馈电传感器,负荷侧有电压,,2020-10-16 04:36:13
羊东矿,0000031D03,8470运料巷配巷掘进面副风机,开停,停,,2020-10-16 04:36:13
羊东矿,0000031D04,8470运料巷配巷掘进面主风机,开停,开,,2020-10-16 04:36:13
羊东矿,0000031D10,8470运料巷配巷掘进面风筒,风筒开关传感器,风筒有风,,2020-10-16 04:36:13
羊东矿,0000031D13,8470运料巷配巷掘进面主风机馈电,馈电传感器,负荷侧有电压,,2020-10-16 04:36:13
羊东矿,0000031D15,8470运料巷配巷掘进面副风机馈电,馈电传感器,负荷侧有电压,,2020-10-16 04:36:13
羊东矿,0000031D16,8470运料巷配巷掘进面风向,开停,开,,2020-10-16 04:36:13
羊东矿,0000032A04,42区永久避难硐室后门过渡室CO.,一氧化碳,0.00,ppm,2020-10-16 04:36:13
羊东矿,0000032A05,42区永久避难硐室后门CO,一氧化碳,0.00,ppm,2020-10-16 04:36:13
羊东矿,0000032A06,42区永久避难硐室后门CO2,二氧化碳,0.00,%,2020-10-16 04:36:13
羊东矿,0000032A07,42区永久避难硐室后门甲烷激,甲烷,0.00,%CH4,2020-10-16 04:36:13
羊东矿,0000032A09,42皮带上部进风甲烷激,甲烷,0.02,%CH4,2020-10-16 04:36:13
羊东矿,0000032A10,42区永久避难硐室生存室CO2,二氧化碳,0.01,%,2020-10-16 04:36:13
羊东矿,0000032A13,42回风改造甲烷,甲烷,0.10,%CH4,2020-10-16 04:36:13
羊东矿,0000032A15,42回风改造风速,风速,2.60,m/s,2020-10-16 04:36:13
羊东矿,0000032D12,42皮带上部进风风向,开停,开,,2020-10-16 04:36:13
羊东矿,0000033A05,进风道猴车车房温度,温度,20.30,℃,2020-10-16 04:36:13
羊东矿,0000033A06,副斜车房温度,温度,17.20,℃,2020-10-16 04:36:13
羊东矿,0000033A08,-110治水泵房温度,温度,23.20,℃,2020-10-16 04:36:13
羊东矿,0000033A09,南井正前进风甲烷激,甲烷,0.00,%CH4,2020-10-16 04:36:13
羊东矿,0000033D10,南井正前进风风向,开停,停,,2020-10-16 04:36:13
羊东矿,0000037A05,佐城二号总回风速,风速,4.50,m/s,2020-10-16 04:36:13
羊东矿,0000037A06,佐城二号总回甲烷,甲烷,0.06,%CH4,2020-10-16 04:36:13
羊东矿,0000037A07,42采区回风巷甲烷,甲烷,0.10,%CH4,2020-10-16 04:36:13
羊东矿,0000031A07,8470运料巷配巷掘进面回风风速,风速,1.30,m/s,2020-10-16 04:36:13
羊东矿,0000031A08,8470运料巷配巷掘进面加密甲烷,甲烷,0.01,%CH4,2020-10-16 04:36:13
羊东矿,0000031A09,8470运料巷配巷掘进面甲烷T1,甲烷,0.04,%CH4,2020-10-16 04:36:13
羊东矿,0000031A12,8470运料巷配巷掘进面粉尘,粉尘浓度,0.00,mg/ m3,2020-10-16 04:36:13
羊东矿,0000031A14,8470运料巷配巷掘进面分风口甲烷T4,甲烷,0.00,%CH4,2020-10-16 04:36:13
羊东矿,0000031C01,8470运料巷配巷掘进面动力断电,断电控制器,复电,,2020-10-16 04:36:13
羊东矿,0000031D02,8470运料巷配巷掘进面动力馈电,馈电传感器,负荷侧有电压,,2020-10-16 04:36:13
羊东矿,0000031D03,8470运料巷配巷掘进面副风机,开停,停,,2020-10-16 04:36:13
羊东矿,0000031D04,8470运料巷配巷掘进面主风机,开停,开,,2020-10-16 04:36:13
羊东矿,0000031D10,8470运料巷配巷掘进面风筒,风筒开关传感器,风筒有风,,2020-10-16 04:36:13
羊东矿,0000031D13,8470运料巷配巷掘进面主风机馈电,馈电传感器,负荷侧有电压,,2020-10-16 04:36:13
羊东矿,0000031D15,8470运料巷配巷掘进面副风机馈电,馈电传感器,负荷侧有电压,,2020-10-16 04:36:13
羊东矿,0000031D16,8470运料巷配巷掘进面风向,开停,开,,2020-10-16 04:36:13
羊东矿,0000032A04,42区永久避难硐室后门过渡室CO.,一氧化碳,0.00,ppm,2020-10-16 04:36:13
羊东矿,0000032A05,42区永久避难硐室后门CO,一氧化碳,0.00,ppm,2020-10-16 04:36:13
羊东矿,0000032A06,42区永久避难硐室后门CO2,二氧化碳,0.00,%,2020-10-16 04:36:13
羊东矿,0000032A07,42区永久避难硐室后门甲烷激,甲烷,0.00,%CH4,2020-10-16 04:36:13
羊东矿,0000032A09,42皮带上部进风甲烷激,甲烷,0.02,%CH4,2020-10-16 04:36:13
羊东矿,0000032A10,42区永久避难硐室生存室CO2,二氧化碳,0.01,%,2020-10-16 04:36:13
羊东矿,0000032A13,42回风改造甲烷,甲烷,0.10,%CH4,2020-10-16 04:36:13
羊东矿,0000032A15,42回风改造风速,风速,2.60,m/s,2020-10-16 04:36:13
羊东矿,0000032D12,42皮带上部进风风向,开停,开,,2020-10-16 04:36:13
羊东矿,0000033A05,进风道猴车车房温度,温度,20.30,℃,2020-10-16 04:36:13
羊东矿,0000033A06,副斜车房温度,温度,17.20,℃,2020-10-16 04:36:13
羊东矿,0000033A08,-110治水泵房温度,温度,23.20,℃,2020-10-16 04:36:13
羊东矿,0000033A09,南井正前进风甲烷激,甲烷,0.00,%CH4,2020-10-16 04:36:13
羊东矿,0000033D10,南井正前进风风向,开停,停,,2020-10-16 04:36:13
羊东矿,0000037A05,佐城二号总回风速,风速,4.50,m/s,2020-10-16 04:36:13
羊东矿,0000037A06,佐城二号总回甲烷,甲烷,0.06,%CH4,2020-10-16 04:36:13
羊东矿,0000037A07,42采区回风巷甲烷,甲烷,0.10,%CH4,2020-10-16 04:36:13
羊东矿,0000031A07,8470运料巷配巷掘进面回风风速,风速,1.30,m/s,2020-10-16 04:36:40
羊东矿,0000031A08,8470运料巷配巷掘进面加密甲烷,甲烷,0.00,%CH4,2020-10-16 04:36:40
羊东矿,0000031A09,8470运料巷配巷掘进面甲烷T1,甲烷,0.04,%CH4,2020-10-16 04:36:40
羊东矿,0000031A12,8470运料巷配巷掘进面粉尘,粉尘浓度,0.00,mg/ m3,2020-10-16 04:36:40
羊东矿,0000031A14,8470运料巷配巷掘进面分风口甲烷T4,甲烷,0.00,%CH4,2020-10-16 04:36:40
羊东矿,0000031C01,8470运料巷配巷掘进面动力断电,断电控制器,复电,,2020-10-16 04:36:40
羊东矿,0000031D02,8470运料巷配巷掘进面动力馈电,馈电传感器,负荷侧有电压,,2020-10-16 04:36:40
羊东矿,0000031D03,8470运料巷配巷掘进面副风机,开停,停,,2020-10-16 04:36:40
羊东矿,0000031D04,8470运料巷配巷掘进面主风机,开停,开,,2020-10-16 04:36:40
羊东矿,0000031D10,8470运料巷配巷掘进面风筒,风筒开关传感器,风筒有风,,2020-10-16 04:36:40
羊东矿,0000031D13,8470运料巷配巷掘进面主风机馈电,馈电传感器,负荷侧有电压,,2020-10-16 04:36:40
羊东矿,0000031D15,8470运料巷配巷掘进面副风机馈电,馈电传感器,负荷侧有电压,,2020-10-16 04:36:40
羊东矿,0000031D16,8470运料巷配巷掘进面风向,开停,开,,2020-10-16 04:36:40
羊东矿,0000032A04,42区永久避难硐室后门过渡室CO.,一氧化碳,0.00,ppm,2020-10-16 04:36:40
羊东矿,0000032A05,42区永久避难硐室后门CO,一氧化碳,0.00,ppm,2020-10-16 04:36:40
羊东矿,0000032A06,42区永久避难硐室后门CO2,二氧化碳,0.00,%,2020-10-16 04:36:40
羊东矿,0000032A07,42区永久避难硐室后门甲烷激,甲烷,0.00,%CH4,2020-10-16 04:36:40
羊东矿,0000032A09,42皮带上部进风甲烷激,甲烷,0.03,%CH4,2020-10-16 04:36:40
羊东矿,0000032A10,42区永久避难硐室生存室CO2,二氧化碳,0.01,%,2020-10-16 04:36:40
羊东矿,0000032A13,42回风改造甲烷,甲烷,0.09,%CH4,2020-10-16 04:36:40
羊东矿,0000032A15,42回风改造风速,风速,2.60,m/s,2020-10-16 04:36:40
羊东矿,0000032D12,42皮带上部进风风向,开停,开,,2020-10-16 04:36:40
羊东矿,0000033A05,进风道猴车车房温度,温度,20.30,℃,2020-10-16 04:36:40
羊东矿,0000033A06,副斜车房温度,温度,17.20,℃,2020-10-16 04:36:40
羊东矿,0000033A08,-110治水泵房温度,温度,23.30,℃,2020-10-16 04:36:40
羊东矿,0000033A09,南井正前进风甲烷激,甲烷,0.00,%CH4,2020-10-16 04:36:40
羊东矿,0000033D10,南井正前进风风向,开停,停,,2020-10-16 04:36:40
羊东矿,0000037A05,佐城二号总回风速,风速,4.50,m/s,2020-10-16 04:36:40
羊东矿,0000037A06,佐城二号总回甲烷,甲烷,0.06,%CH4,2020-10-16 04:36:40
羊东矿,0000037A07,42采区回风巷甲烷,甲烷,0.10,%CH4,2020-10-16 04:36:40
羊东矿,0000031A07,8470运料巷配巷掘进面回风风速,风速,1.30,m/s,2020-10-16 04:37:06
羊东矿,0000031A08,8470运料巷配巷掘进面加密甲烷,甲烷,0.00,%CH4,2020-10-16 04:37:06
羊东矿,0000031A09,8470运料巷配巷掘进面甲烷T1,甲烷,0.05,%CH4,2020-10-16 04:37:06
羊东矿,0000031A12,8470运料巷配巷掘进面粉尘,粉尘浓度,0.00,mg/ m3,2020-10-16 04:37:06
羊东矿,0000031A14,8470运料巷配巷掘进面分风口甲烷T4,甲烷,0.00,%CH4,2020-10-16 04:37:06
羊东矿,0000031C01,8470运料巷配巷掘进面动力断电,断电控制器,复电,,2020-10-16 04:37:06
羊东矿,0000031D02,8470运料巷配巷掘进面动力馈电,馈电传感器,负荷侧有电压,,2020-10-16 04:37:06
羊东矿,0000031D03,8470运料巷配巷掘进面副风机,开停,停,,2020-10-16 04:37:06
羊东矿,0000031D04,8470运料巷配巷掘进面主风机,开停,开,,2020-10-16 04:37:06
羊东矿,0000031D10,8470运料巷配巷掘进面风筒,风筒开关传感器,风筒有风,,2020-10-16 04:37:06
羊东矿,0000031D13,8470运料巷配巷掘进面主风机馈电,馈电传感器,负荷侧有电压,,2020-10-16 04:37:06
羊东矿,0000031D15,8470运料巷配巷掘进面副风机馈电,馈电传感器,负荷侧有电压,,2020-10-16 04:37:06
羊东矿,0000031D16,8470运料巷配巷掘进面风向,开停,开,,2020-10-16 04:37:06
羊东矿,0000032A04,42区永久避难硐室后门过渡室CO.,一氧化碳,0.00,ppm,2020-10-16 04:37:06
羊东矿,0000032A05,42区永久避难硐室后门CO,一氧化碳,0.00,ppm,2020-10-16 04:37:06
羊东矿,0000032A06,42区永久避难硐室后门CO2,二氧化碳,0.00,%,2020-10-16 04:37:06
羊东矿,0000032A07,42区永久避难硐室后门甲烷激,甲烷,0.00,%CH4,2020-10-16 04:37:06
羊东矿,0000032A09,42皮带上部进风甲烷激,甲烷,0.03,%CH4,2020-10-16 04:37:06
羊东矿,0000032A10,42区永久避难硐室生存室CO2,二氧化碳,0.01,%,2020-10-16 04:37:06
羊东矿,0000032A13,42回风改造甲烷,甲烷,0.09,%CH4,2020-10-16 04:37:06
羊东矿,0000032A15,42回风改造风速,风速,2.50,m/s,2020-10-16 04:37:06
羊东矿,0000032D12,42皮带上部进风风向,开停,开,,2020-10-16 04:37:06
羊东矿,0000033A05,进风道猴车车房温度,温度,20.30,℃,2020-10-16 04:37:06
羊东矿,0000033A06,副斜车房温度,温度,17.20,℃,2020-10-16 04:37:06
羊东矿,0000033A08,-110治水泵房温度,温度,23.30,℃,2020-10-16 04:37:06
羊东矿,0000033A09,南井正前进风甲烷激,甲烷,0.00,%CH4,2020-10-16 04:37:06
羊东矿,0000033D10,南井正前进风风向,开停,停,,2020-10-16 04:37:06
羊东矿,0000037A05,佐城二号总回风速,风速,4.50,m/s,2020-10-16 04:37:06
羊东矿,0000037A06,佐城二号总回甲烷,甲烷,0.06,%CH4,2020-10-16 04:37:06
羊东矿,0000037A07,42采区回风巷甲烷,甲烷,0.10,%CH4,2020-10-16 04:37:06
羊东矿,0000031A07,8470运料巷配巷掘进面回风风速,风速,1.30,m/s,2020-10-16 04:37:58
羊东矿,0000031A08,8470运料巷配巷掘进面加密甲烷,甲烷,0.00,%CH4,2020-10-16 04:37:58
羊东矿,0000031A09,8470运料巷配巷掘进面甲烷T1,甲烷,0.05,%CH4,2020-10-16 04:37:58
羊东矿,0000031A12,8470运料巷配巷掘进面粉尘,粉尘浓度,0.00,mg/ m3,2020-10-16 04:37:58
羊东矿,0000031A14,8470运料巷配巷掘进面分风口甲烷T4,甲烷,0.01,%CH4,2020-10-16 04:37:58
羊东矿,0000031C01,8470运料巷配巷掘进面动力断电,断电控制器,复电,,2020-10-16 04:37:58
羊东矿,0000031D02,8470运料巷配巷掘进面动力馈电,馈电传感器,负荷侧有电压,,2020-10-16 04:37:58
羊东矿,0000031D03,8470运料巷配巷掘进面副风机,开停,停,,2020-10-16 04:37:58
羊东矿,0000031D04,8470运料巷配巷掘进面主风机,开停,开,,2020-10-16 04:37:58
羊东矿,0000031D10,8470运料巷配巷掘进面风筒,风筒开关传感器,风筒有风,,2020-10-16 04:37:58
羊东矿,0000031D13,8470运料巷配巷掘进面主风机馈电,馈电传感器,负荷侧有电压,,2020-10-16 04:37:58
羊东矿,0000031D15,8470运料巷配巷掘进面副风机馈电,馈电传感器,负荷侧有电压,,2020-10-16 04:37:58
羊东矿,0000031D16,8470运料巷配巷掘进面风向,开停,开,,2020-10-16 04:37:58
羊东矿,0000032A04,42区永久避难硐室后门过渡室CO.,一氧化碳,0.00,ppm,2020-10-16 04:37:58
羊东矿,0000032A05,42区永久避难硐室后门CO,一氧化碳,0.00,ppm,2020-10-16 04:37:58
羊东矿,0000032A06,42区永久避难硐室后门CO2,二氧化碳,0.00,%,2020-10-16 04:37:58
羊东矿,0000032A07,42区永久避难硐室后门甲烷激,甲烷,0.00,%CH4,2020-10-16 04:37:58
羊东矿,0000032A09,42皮带上部进风甲烷激,甲烷,0.03,%CH4,2020-10-16 04:37:58
羊东矿,0000032A10,42区永久避难硐室生存室CO2,二氧化碳,0.01,%,2020-10-16 04:37:58
羊东矿,0000032A13,42回风改造甲烷,甲烷,0.08,%CH4,2020-10-16 04:37:58
羊东矿,0000032A15,42回风改造风速,风速,2.50,m/s,2020-10-16 04:37:58
羊东矿,0000032D12,42皮带上部进风风向,开停,开,,2020-10-16 04:37:58
羊东矿,0000033A05,进风道猴车车房温度,温度,20.30,℃,2020-10-16 04:37:58
羊东矿,0000033A06,副斜车房温度,温度,17.20,℃,2020-10-16 04:37:58
羊东矿,0000033A08,-110治水泵房温度,温度,23.30,℃,2020-10-16 04:37:58
羊东矿,0000033A09,南井正前进风甲烷激,甲烷,0.00,%CH4,2020-10-16 04:37:58
羊东矿,0000033D10,南井正前进风风向,开停,停,,2020-10-16 04:37:58
羊东矿,0000037A05,佐城二号总回风速,风速,4.50,m/s,2020-10-16 04:37:58
羊东矿,0000037A06,佐城二号总回甲烷,甲烷,0.05,%CH4,2020-10-16 04:37:58
羊东矿,0000037A07,42采区回风巷甲烷,甲烷,0.10,%CH4,2020-10-16 04:37:58
羊东矿,0000031A07,8470运料巷配巷掘进面回风风速,风速,1.20,m/s,2020-10-16 04:38:25
羊东矿,0000031A08,8470运料巷配巷掘进面加密甲烷,甲烷,0.00,%CH4,2020-10-16 04:38:25
羊东矿,0000031A09,8470运料巷配巷掘进面甲烷T1,甲烷,0.05,%CH4,2020-10-16 04:38:25
羊东矿,0000031A12,8470运料巷配巷掘进面粉尘,粉尘浓度,0.00,mg/ m3,2020-10-16 04:38:25
羊东矿,0000031A14,8470运料巷配巷掘进面分风口甲烷T4,甲烷,0.01,%CH4,2020-10-16 04:38:25
羊东矿,0000031C01,8470运料巷配巷掘进面动力断电,断电控制器,复电,,2020-10-16 04:38:25
羊东矿,0000031D02,8470运料巷配巷掘进面动力馈电,馈电传感器,负荷侧有电压,,2020-10-16 04:38:25
羊东矿,0000031D03,8470运料巷配巷掘进面副风机,开停,停,,2020-10-16 04:38:25
羊东矿,0000031D04,8470运料巷配巷掘进面主风机,开停,开,,2020-10-16 04:38:25
羊东矿,0000031D10,8470运料巷配巷掘进面风筒,风筒开关传感器,风筒有风,,2020-10-16 04:38:25
羊东矿,0000031D13,8470运料巷配巷掘进面主风机馈电,馈电传感器,负荷侧有电压,,2020-10-16 04:38:25
羊东矿,0000031D15,8470运料巷配巷掘进面副风机馈电,馈电传感器,负荷侧有电压,,2020-10-16 04:38:25
羊东矿,0000031D16,8470运料巷配巷掘进面风向,开停,开,,2020-10-16 04:38:25
羊东矿,0000032A04,42区永久避难硐室后门过渡室CO.,一氧化碳,0.00,ppm,2020-10-16 04:38:25
羊东矿,0000032A05,42区永久避难硐室后门CO,一氧化碳,0.00,ppm,2020-10-16 04:38:25
羊东矿,0000032A06,42区永久避难硐室后门CO2,二氧化碳,0.00,%,2020-10-16 04:38:25
羊东矿,0000032A07,42区永久避难硐室后门甲烷激,甲烷,0.00,%CH4,2020-10-16 04:38:25
羊东矿,0000032A09,42皮带上部进风甲烷激,甲烷,0.02,%CH4,2020-10-16 04:38:25
羊东矿,0000032A10,42区永久避难硐室生存室CO2,二氧化碳,0.01,%,2020-10-16 04:38:25
羊东矿,0000032A13,42回风改造甲烷,甲烷,0.08,%CH4,2020-10-16 04:38:25
羊东矿,0000032A15,42回风改造风速,风速,2.60,m/s,2020-10-16 04:38:25
羊东矿,0000032D12,42皮带上部进风风向,开停,开,,2020-10-16 04:38:25
羊东矿,0000033A05,进风道猴车车房温度,温度,20.30,℃,2020-10-16 04:38:25
羊东矿,0000033A06,副斜车房温度,温度,17.20,℃,2020-10-16 04:38:25
羊东矿,0000033A08,-110治水泵房温度,温度,23.30,℃,2020-10-16 04:38:25
羊东矿,0000033A09,南井正前进风甲烷激,甲烷,0.00,%CH4,2020-10-16 04:38:25
羊东矿,0000033D10,南井正前进风风向,开停,停,,2020-10-16 04:38:25
羊东矿,0000037A05,佐城二号总回风速,风速,4.40,m/s,2020-10-16 04:38:25
羊东矿,0000037A06,佐城二号总回甲烷,甲烷,0.05,%CH4,2020-10-16 04:38:25
羊东矿,0000037A07,42采区回风巷甲烷,甲烷,0.10,%CH4,2020-10-16 04:38:25
羊东矿,0000031A07,8470运料巷配巷掘进面回风风速,风速,1.30,m/s,2020-10-16 04:38:51
羊东矿,0000031A08,8470运料巷配巷掘进面加密甲烷,甲烷,0.00,%CH4,2020-10-16 04:38:51
羊东矿,0000031A09,8470运料巷配巷掘进面甲烷T1,甲烷,0.05,%CH4,2020-10-16 04:38:51
羊东矿,0000031A12,8470运料巷配巷掘进面粉尘,粉尘浓度,0.00,mg/ m3,2020-10-16 04:38:51
羊东矿,0000031A14,8470运料巷配巷掘进面分风口甲烷T4,甲烷,0.01,%CH4,2020-10-16 04:38:51
羊东矿,0000031C01,8470运料巷配巷掘进面动力断电,断电控制器,复电,,2020-10-16 04:38:51
羊东矿,0000031D02,8470运料巷配巷掘进面动力馈电,馈电传感器,负荷侧有电压,,2020-10-16 04:38:51
羊东矿,0000031D03,8470运料巷配巷掘进面副风机,开停,停,,2020-10-16 04:38:51
羊东矿,0000031D04,8470运料巷配巷掘进面主风机,开停,开,,2020-10-16 04:38:51
羊东矿,0000031D10,8470运料巷配巷掘进面风筒,风筒开关传感器,风筒有风,,2020-10-16 04:38:51
羊东矿,0000031D13,8470运料巷配巷掘进面主风机馈电,馈电传感器,负荷侧有电压,,2020-10-16 04:38:51
羊东矿,0000031D15,8470运料巷配巷掘进面副风机馈电,馈电传感器,负荷侧有电压,,2020-10-16 04:38:51
羊东矿,0000031D16,8470运料巷配巷掘进面风向,开停,开,,2020-10-16 04:38:51
羊东矿,0000032A04,42区永久避难硐室后门过渡室CO.,一氧化碳,0.00,ppm,2020-10-16 04:38:51
羊东矿,0000032A05,42区永久避难硐室后门CO,一氧化碳,0.00,ppm,2020-10-16 04:38:51
羊东矿,0000032A06,42区永久避难硐室后门CO2,二氧化碳,0.00,%,2020-10-16 04:38:51
羊东矿,0000032A07,42区永久避难硐室后门甲烷激,甲烷,0.00,%CH4,2020-10-16 04:38:51
羊东矿,0000032A09,42皮带上部进风甲烷激,甲烷,0.03,%CH4,2020-10-16 04:38:51
羊东矿,0000032A10,42区永久避难硐室生存室CO2,二氧化碳,0.01,%,2020-10-16 04:38:51
羊东矿,0000032A13,42回风改造甲烷,甲烷,0.08,%CH4,2020-10-16 04:38:51
羊东矿,0000032A15,42回风改造风速,风速,2.70,m/s,2020-10-16 04:38:51
羊东矿,0000032D12,42皮带上部进风风向,开停,开,,2020-10-16 04:38:51
羊东矿,0000033A05,进风道猴车车房温度,温度,20.30,℃,2020-10-16 04:38:51
羊东矿,0000033A06,副斜车房温度,温度,17.20,℃,2020-10-16 04:38:51
羊东矿,0000033A08,-110治水泵房温度,温度,23.30,℃,2020-10-16 04:38:51
羊东矿,0000033A09,南井正前进风甲烷激,甲烷,0.00,%CH4,2020-10-16 04:38:51
羊东矿,0000033D10,南井正前进风风向,开停,停,,2020-10-16 04:38:51
羊东矿,0000037A05,佐城二号总回风速,风速,4.50,m/s,2020-10-16 04:38:51
羊东矿,0000037A06,佐城二号总回甲烷,甲烷,0.05,%CH4,2020-10-16 04:38:51
羊东矿,0000037A07,42采区回风巷甲烷,甲烷,0.10,%CH4,2020-10-16 04:38:51
羊东矿,0000031A07,8470运料巷配巷掘进面回风风速,风速,1.30,m/s,2020-10-16 04:39:44
羊东矿,0000031A08,8470运料巷配巷掘进面加密甲烷,甲烷,0.00,%CH4,2020-10-16 04:39:44
羊东矿,0000031A09,8470运料巷配巷掘进面甲烷T1,甲烷,0.05,%CH4,2020-10-16 04:39:44
羊东矿,0000031A12,8470运料巷配巷掘进面粉尘,粉尘浓度,0.00,mg/ m3,2020-10-16 04:39:44
羊东矿,0000031A14,8470运料巷配巷掘进面分风口甲烷T4,甲烷,0.01,%CH4,2020-10-16 04:39:44
羊东矿,0000031C01,8470运料巷配巷掘进面动力断电,断电控制器,复电,,2020-10-16 04:39:44
羊东矿,0000031D02,8470运料巷配巷掘进面动力馈电,馈电传感器,负荷侧有电压,,2020-10-16 04:39:44
羊东矿,0000031D03,8470运料巷配巷掘进面副风机,开停,停,,2020-10-16 04:39:44
羊东矿,0000031D04,8470运料巷配巷掘进面主风机,开停,开,,2020-10-16 04:39:44
羊东矿,0000031D10,8470运料巷配巷掘进面风筒,风筒开关传感器,风筒有风,,2020-10-16 04:39:44
羊东矿,0000031D13,8470运料巷配巷掘进面主风机馈电,馈电传感器,负荷侧有电压,,2020-10-16 04:39:44
羊东矿,0000031D15,8470运料巷配巷掘进面副风机馈电,馈电传感器,负荷侧有电压,,2020-10-16 04:39:44
羊东矿,0000031D16,8470运料巷配巷掘进面风向,开停,开,,2020-10-16 04:39:44
羊东矿,0000032A04,42区永久避难硐室后门过渡室CO.,一氧化碳,0.00,ppm,2020-10-16 04:39:44
羊东矿,0000032A05,42区永久避难硐室后门CO,一氧化碳,0.00,ppm,2020-10-16 04:39:44
羊东矿,0000032A06,42区永久避难硐室后门CO2,二氧化碳,0.00,%,2020-10-16 04:39:44
羊东矿,0000032A07,42区永久避难硐室后门甲烷激,甲烷,0.00,%CH4,2020-10-16 04:39:44
羊东矿,0000032A09,42皮带上部进风甲烷激,甲烷,0.02,%CH4,2020-10-16 04:39:44
羊东矿,0000032A10,42区永久避难硐室生存室CO2,二氧化碳,0.01,%,2020-10-16 04:39:44
羊东矿,0000032A13,42回风改造甲烷,甲烷,0.08,%CH4,2020-10-16 04:39:44
羊东矿,0000032A15,42回风改造风速,风速,2.70,m/s,2020-10-16 04:39:44
羊东矿,0000032D12,42皮带上部进风风向,开停,开,,2020-10-16 04:39:44
羊东矿,0000033A05,进风道猴车车房温度,温度,20.30,℃,2020-10-16 04:39:44
羊东矿,0000033A06,副斜车房温度,温度,17.20,℃,2020-10-16 04:39:44
羊东矿,0000033A08,-110治水泵房温度,温度,23.30,℃,2020-10-16 04:39:44
羊东矿,0000033A09,南井正前进风甲烷激,甲烷,0.00,%CH4,2020-10-16 04:39:44
羊东矿,0000033D10,南井正前进风风向,开停,停,,2020-10-16 04:39:44
羊东矿,0000037A05,佐城二号总回风速,风速,4.60,m/s,2020-10-16 04:39:44
羊东矿,0000037A06,佐城二号总回甲烷,甲烷,0.05,%CH4,2020-10-16 04:39:44
羊东矿,0000037A07,42采区回风巷甲烷,甲烷,0.09,%CH4,2020-10-16 04:39:44
羊东矿,0000031A07,8470运料巷配巷掘进面回风风速,风速,1.30,m/s,2020-10-16 04:39:44
羊东矿,0000031A08,8470运料巷配巷掘进面加密甲烷,甲烷,0.00,%CH4,2020-10-16 04:39:44
羊东矿,0000031A09,8470运料巷配巷掘进面甲烷T1,甲烷,0.05,%CH4,2020-10-16 04:39:44
羊东矿,0000031A12,8470运料巷配巷掘进面粉尘,粉尘浓度,0.00,mg/ m3,2020-10-16 04:39:44
羊东矿,0000031A14,8470运料巷配巷掘进面分风口甲烷T4,甲烷,0.01,%CH4,2020-10-16 04:39:44
羊东矿,0000031C01,8470运料巷配巷掘进面动力断电,断电控制器,复电,,2020-10-16 04:39:44
羊东矿,0000031D02,8470运料巷配巷掘进面动力馈电,馈电传感器,负荷侧有电压,,2020-10-16 04:39:44
羊东矿,0000031D03,8470运料巷配巷掘进面副风机,开停,停,,2020-10-16 04:39:44
羊东矿,0000031D04,8470运料巷配巷掘进面主风机,开停,开,,2020-10-16 04:39:44
羊东矿,0000031D10,8470运料巷配巷掘进面风筒,风筒开关传感器,风筒有风,,2020-10-16 04:39:44
羊东矿,0000031D13,8470运料巷配巷掘进面主风机馈电,馈电传感器,负荷侧有电压,,2020-10-16 04:39:44
羊东矿,0000031D15,8470运料巷配巷掘进面副风机馈电,馈电传感器,负荷侧有电压,,2020-10-16 04:39:44
羊东矿,0000031D16,8470运料巷配巷掘进面风向,开停,开,,2020-10-16 04:39:44
羊东矿,0000032A04,42区永久避难硐室后门过渡室CO.,一氧化碳,0.00,ppm,2020-10-16 04:39:44
羊东矿,0000032A05,42区永久避难硐室后门CO,一氧化碳,0.00,ppm,2020-10-16 04:39:44
羊东矿,0000032A06,42区永久避难硐室后门CO2,二氧化碳,0.00,%,2020-10-16 04:39:44
羊东矿,0000032A07,42区永久避难硐室后门甲烷激,甲烷,0.00,%CH4,2020-10-16 04:39:44
羊东矿,0000032A09,42皮带上部进风甲烷激,甲烷,0.02,%CH4,2020-10-16 04:39:44
羊东矿,0000032A10,42区永久避难硐室生存室CO2,二氧化碳,0.01,%,2020-10-16 04:39:44
羊东矿,0000032A13,42回风改造甲烷,甲烷,0.08,%CH4,2020-10-16 04:39:44
羊东矿,0000032A15,42回风改造风速,风速,2.70,m/s,2020-10-16 04:39:44
羊东矿,0000032D12,42皮带上部进风风向,开停,开,,2020-10-16 04:39:44
羊东矿,0000033A05,进风道猴车车房温度,温度,20.30,℃,2020-10-16 04:39:44
羊东矿,0000033A06,副斜车房温度,温度,17.20,℃,2020-10-16 04:39:44
羊东矿,0000033A08,-110治水泵房温度,温度,23.30,℃,2020-10-16 04:39:44
羊东矿,0000033A09,南井正前进风甲烷激,甲烷,0.00,%CH4,2020-10-16 04:39:44
羊东矿,0000033D10,南井正前进风风向,开停,停,,2020-10-16 04:39:44
羊东矿,0000037A05,佐城二号总回风速,风速,4.60,m/s,2020-10-16 04:39:44
羊东矿,0000037A06,佐城二号总回甲烷,甲烷,0.05,%CH4,2020-10-16 04:39:44
羊东矿,0000037A07,42采区回风巷甲烷,甲烷,0.09,%CH4,2020-10-16 04:39:44
羊东矿,0000031A07,8470运料巷配巷掘进面回风风速,风速,1.30,m/s,2020-10-16 04:40:10
羊东矿,0000031A08,8470运料巷配巷掘进面加密甲烷,甲烷,0.00,%CH4,2020-10-16 04:40:10
羊东矿,0000031A09,8470运料巷配巷掘进面甲烷T1,甲烷,0.05,%CH4,2020-10-16 04:40:10
羊东矿,0000031A12,8470运料巷配巷掘进面粉尘,粉尘浓度,0.00,mg/ m3,2020-10-16 04:40:10
羊东矿,0000031A14,8470运料巷配巷掘进面分风口甲烷T4,甲烷,0.00,%CH4,2020-10-16 04:40:10
羊东矿,0000031C01,8470运料巷配巷掘进面动力断电,断电控制器,复电,,2020-10-16 04:40:10
羊东矿,0000031D02,8470运料巷配巷掘进面动力馈电,馈电传感器,负荷侧有电压,,2020-10-16 04:40:10
羊东矿,0000031D03,8470运料巷配巷掘进面副风机,开停,停,,2020-10-16 04:40:10
羊东矿,0000031D04,8470运料巷配巷掘进面主风机,开停,开,,2020-10-16 04:40:10
羊东矿,0000031D10,8470运料巷配巷掘进面风筒,风筒开关传感器,风筒有风,,2020-10-16 04:40:10
羊东矿,0000031D13,8470运料巷配巷掘进面主风机馈电,馈电传感器,负荷侧有电压,,2020-10-16 04:40:10
羊东矿,0000031D15,8470运料巷配巷掘进面副风机馈电,馈电传感器,负荷侧有电压,,2020-10-16 04:40:10
羊东矿,0000031D16,8470运料巷配巷掘进面风向,开停,开,,2020-10-16 04:40:10
羊东矿,0000032A04,42区永久避难硐室后门过渡室CO.,一氧化碳,0.00,ppm,2020-10-16 04:40:10
羊东矿,0000032A05,42区永久避难硐室后门CO,一氧化碳,0.00,ppm,2020-10-16 04:40:10
羊东矿,0000032A06,42区永久避难硐室后门CO2,二氧化碳,0.00,%,2020-10-16 04:40:10
羊东矿,0000032A07,42区永久避难硐室后门甲烷激,甲烷,0.00,%CH4,2020-10-16 04:40:10
羊东矿,0000032A09,42皮带上部进风甲烷激,甲烷,0.02,%CH4,2020-10-16 04:40:10
羊东矿,0000032A10,42区永久避难硐室生存室CO2,二氧化碳,0.01,%,2020-10-16 04:40:10
羊东矿,0000032A13,42回风改造甲烷,甲烷,0.08,%CH4,2020-10-16 04:40:10
羊东矿,0000032A15,42回风改造风速,风速,2.80,m/s,2020-10-16 04:40:10
羊东矿,0000032D12,42皮带上部进风风向,开停,开,,2020-10-16 04:40:10
羊东矿,0000033A05,进风道猴车车房温度,温度,20.30,℃,2020-10-16 04:40:10
羊东矿,0000033A06,副斜车房温度,温度,17.20,℃,2020-10-16 04:40:10
羊东矿,0000033A08,-110治水泵房温度,温度,23.40,℃,2020-10-16 04:40:10
羊东矿,0000033A09,南井正前进风甲烷激,甲烷,0.00,%CH4,2020-10-16 04:40:10
羊东矿,0000033D10,南井正前进风风向,开停,停,,2020-10-16 04:40:10
羊东矿,0000037A05,佐城二号总回风速,风速,4.50,m/s,2020-10-16 04:40:10
羊东矿,0000037A06,佐城二号总回甲烷,甲烷,0.05,%CH4,2020-10-16 04:40:10
羊东矿,0000037A07,42采区回风巷甲烷,甲烷,0.09,%CH4,2020-10-16 04:40:10
羊东矿,0000031A07,8470运料巷配巷掘进面回风风速,风速,1.30,m/s,2020-10-16 04:40:10
羊东矿,0000031A08,8470运料巷配巷掘进面加密甲烷,甲烷,0.00,%CH4,2020-10-16 04:40:10
羊东矿,0000031A09,8470运料巷配巷掘进面甲烷T1,甲烷,0.05,%CH4,2020-10-16 04:40:10
羊东矿,0000031A12,8470运料巷配巷掘进面粉尘,粉尘浓度,0.00,mg/ m3,2020-10-16 04:40:10
羊东矿,0000031A14,8470运料巷配巷掘进面分风口甲烷T4,甲烷,0.00,%CH4,2020-10-16 04:40:10
羊东矿,0000031C01,8470运料巷配巷掘进面动力断电,断电控制器,复电,,2020-10-16 04:40:10
羊东矿,0000031D02,8470运料巷配巷掘进面动力馈电,馈电传感器,负荷侧有电压,,2020-10-16 04:40:10
羊东矿,0000031D03,8470运料巷配巷掘进面副风机,开停,停,,2020-10-16 04:40:10
羊东矿,0000031D04,8470运料巷配巷掘进面主风机,开停,开,,2020-10-16 04:40:10
羊东矿,0000031D10,8470运料巷配巷掘进面风筒,风筒开关传感器,风筒有风,,2020-10-16 04:40:10
羊东矿,0000031D13,8470运料巷配巷掘进面主风机馈电,馈电传感器,负荷侧有电压,,2020-10-16 04:40:10
羊东矿,0000031D15,8470运料巷配巷掘进面副风机馈电,馈电传感器,负荷侧有电压,,2020-10-16 04:40:10
羊东矿,0000031D16,8470运料巷配巷掘进面风向,开停,开,,2020-10-16 04:40:10
羊东矿,0000032A04,42区永久避难硐室后门过渡室CO.,一氧化碳,0.00,ppm,2020-10-16 04:40:10
羊东矿,0000032A05,42区永久避难硐室后门CO,一氧化碳,0.00,ppm,2020-10-16 04:40:10
羊东矿,0000032A06,42区永久避难硐室后门CO2,二氧化碳,0.00,%,2020-10-16 04:40:10
羊东矿,0000032A07,42区永久避难硐室后门甲烷激,甲烷,0.00,%CH4,2020-10-16 04:40:10
羊东矿,0000032A09,42皮带上部进风甲烷激,甲烷,0.02,%CH4,2020-10-16 04:40:10
羊东矿,0000032A10,42区永久避难硐室生存室CO2,二氧化碳,0.01,%,2020-10-16 04:40:10
羊东矿,0000032A13,42回风改造甲烷,甲烷,0.08,%CH4,2020-10-16 04:40:10
羊东矿,0000032A15,42回风改造风速,风速,2.80,m/s,2020-10-16 04:40:10
羊东矿,0000032D12,42皮带上部进风风向,开停,开,,2020-10-16 04:40:10
羊东矿,0000033A05,进风道猴车车房温度,温度,20.30,℃,2020-10-16 04:40:10
羊东矿,0000033A06,副斜车房温度,温度,17.20,℃,2020-10-16 04:40:10
羊东矿,0000033A08,-110治水泵房温度,温度,23.40,℃,2020-10-16 04:40:10
羊东矿,0000033A09,南井正前进风甲烷激,甲烷,0.00,%CH4,2020-10-16 04:40:10
羊东矿,0000033D10,南井正前进风风向,开停,停,,2020-10-16 04:40:10
羊东矿,0000037A05,佐城二号总回风速,风速,4.50,m/s,2020-10-16 04:40:10
羊东矿,0000037A06,佐城二号总回甲烷,甲烷,0.05,%CH4,2020-10-16 04:40:10
羊东矿,0000037A07,42采区回风巷甲烷,甲烷,0.09,%CH4,2020-10-16 04:40:10
羊东矿,0000031A07,8470运料巷配巷掘进面回风风速,风速,1.30,m/s,2020-10-16 04:40:10
羊东矿,0000031A08,8470运料巷配巷掘进面加密甲烷,甲烷,0.00,%CH4,2020-10-16 04:40:10
羊东矿,0000031A09,8470运料巷配巷掘进面甲烷T1,甲烷,0.05,%CH4,2020-10-16 04:40:10
羊东矿,0000031A12,8470运料巷配巷掘进面粉尘,粉尘浓度,0.00,mg/ m3,2020-10-16 04:40:10
羊东矿,0000031A14,8470运料巷配巷掘进面分风口甲烷T4,甲烷,0.00,%CH4,2020-10-16 04:40:10
羊东矿,0000031C01,8470运料巷配巷掘进面动力断电,断电控制器,复电,,2020-10-16 04:40:10
羊东矿,0000031D02,8470运料巷配巷掘进面动力馈电,馈电传感器,负荷侧有电压,,2020-10-16 04:40:10
羊东矿,0000031D03,8470运料巷配巷掘进面副风机,开停,停,,2020-10-16 04:40:10
羊东矿,0000031D04,8470运料巷配巷掘进面主风机,开停,开,,2020-10-16 04:40:10
羊东矿,0000031D10,8470运料巷配巷掘进面风筒,风筒开关传感器,风筒有风,,2020-10-16 04:40:10
羊东矿,0000031D13,8470运料巷配巷掘进面主风机馈电,馈电传感器,负荷侧有电压,,2020-10-16 04:40:10
羊东矿,0000031D15,8470运料巷配巷掘进面副风机馈电,馈电传感器,负荷侧有电压,,2020-10-16 04:40:10
羊东矿,0000031D16,8470运料巷配巷掘进面风向,开停,开,,2020-10-16 04:40:10
羊东矿,0000032A04,42区永久避难硐室后门过渡室CO.,一氧化碳,0.00,ppm,2020-10-16 04:40:10
羊东矿,0000032A05,42区永久避难硐室后门CO,一氧化碳,0.00,ppm,2020-10-16 04:40:10
羊东矿,0000032A06,42区永久避难硐室后门CO2,二氧化碳,0.00,%,2020-10-16 04:40:10
羊东矿,0000032A07,42区永久避难硐室后门甲烷激,甲烷,0.00,%CH4,2020-10-16 04:40:10
羊东矿,0000032A09,42皮带上部进风甲烷激,甲烷,0.02,%CH4,2020-10-16 04:40:10
羊东矿,0000032A10,42区永久避难硐室生存室CO2,二氧化碳,0.01,%,2020-10-16 04:40:10
羊东矿,0000032A13,42回风改造甲烷,甲烷,0.08,%CH4,2020-10-16 04:40:10
羊东矿,0000032A15,42回风改造风速,风速,2.80,m/s,2020-10-16 04:40:10
羊东矿,0000032D12,42皮带上部进风风向,开停,开,,2020-10-16 04:40:10
羊东矿,0000033A05,进风道猴车车房温度,温度,20.30,℃,2020-10-16 04:40:10
羊东矿,0000033A06,副斜车房温度,温度,17.20,℃,2020-10-16 04:40:10
羊东矿,0000033A08,-110治水泵房温度,温度,23.40,℃,2020-10-16 04:40:10
羊东矿,0000033A09,南井正前进风甲烷激,甲烷,0.00,%CH4,2020-10-16 04:40:10
羊东矿,0000033D10,南井正前进风风向,开停,停,,2020-10-16 04:40:10
羊东矿,0000037A05,佐城二号总回风速,风速,4.50,m/s,2020-10-16 04:40:10
羊东矿,0000037A06,佐城二号总回甲烷,甲烷,0.05,%CH4,2020-10-16 04:40:10
羊东矿,0000037A07,42采区回风巷甲烷,甲烷,0.09,%CH4,2020-10-16 04:40:10
羊东矿,0000031A07,8470运料巷配巷掘进面回风风速,风速,1.30,m/s,2020-10-16 04:40:19
羊东矿,0000031A08,8470运料巷配巷掘进面加密甲烷,甲烷,0.00,%CH4,2020-10-16 04:40:19
羊东矿,0000031A09,8470运料巷配巷掘进面甲烷T1,甲烷,0.04,%CH4,2020-10-16 04:40:19
羊东矿,0000031A12,8470运料巷配巷掘进面粉尘,粉尘浓度,0.00,mg/ m3,2020-10-16 04:40:19
羊东矿,0000031A14,8470运料巷配巷掘进面分风口甲烷T4,甲烷,0.00,%CH4,2020-10-16 04:40:19
羊东矿,0000031C01,8470运料巷配巷掘进面动力断电,断电控制器,复电,,2020-10-16 04:40:19
羊东矿,0000031D02,8470运料巷配巷掘进面动力馈电,馈电传感器,负荷侧有电压,,2020-10-16 04:40:19
羊东矿,0000031D03,8470运料巷配巷掘进面副风机,开停,停,,2020-10-16 04:40:19
羊东矿,0000031D04,8470运料巷配巷掘进面主风机,开停,开,,2020-10-16 04:40:19
羊东矿,0000031D10,8470运料巷配巷掘进面风筒,风筒开关传感器,风筒有风,,2020-10-16 04:40:19
羊东矿,0000031D13,8470运料巷配巷掘进面主风机馈电,馈电传感器,负荷侧有电压,,2020-10-16 04:40:19
羊东矿,0000031D15,8470运料巷配巷掘进面副风机馈电,馈电传感器,负荷侧有电压,,2020-10-16 04:40:19
羊东矿,0000031D16,8470运料巷配巷掘进面风向,开停,开,,2020-10-16 04:40:19
羊东矿,0000032A04,42区永久避难硐室后门过渡室CO.,一氧化碳,0.00,ppm,2020-10-16 04:40:19
羊东矿,0000032A05,42区永久避难硐室后门CO,一氧化碳,0.00,ppm,2020-10-16 04:40:19
羊东矿,0000032A06,42区永久避难硐室后门CO2,二氧化碳,0.00,%,2020-10-16 04:40:19
羊东矿,0000032A07,42区永久避难硐室后门甲烷激,甲烷,0.00,%CH4,2020-10-16 04:40:19
羊东矿,0000032A09,42皮带上部进风甲烷激,甲烷,0.01,%CH4,2020-10-16 04:40:19
羊东矿,0000032A10,42区永久避难硐室生存室CO2,二氧化碳,0.01,%,2020-10-16 04:40:19
羊东矿,0000032A13,42回风改造甲烷,甲烷,0.07,%CH4,2020-10-16 04:40:19
羊东矿,0000032A15,42回风改造风速,风速,2.60,m/s,2020-10-16 04:40:19
羊东矿,0000032D12,42皮带上部进风风向,开停,开,,2020-10-16 04:40:19
羊东矿,0000033A05,进风道猴车车房温度,温度,20.40,℃,2020-10-16 04:40:19
羊东矿,0000033A06,副斜车房温度,温度,17.20,℃,2020-10-16 04:40:19
羊东矿,0000033A08,-110治水泵房温度,温度,23.40,℃,2020-10-16 04:40:19
羊东矿,0000033A09,南井正前进风甲烷激,甲烷,0.00,%CH4,2020-10-16 04:40:19
羊东矿,0000033D10,南井正前进风风向,开停,停,,2020-10-16 04:40:19
羊东矿,0000037A05,佐城二号总回风速,风速,4.50,m/s,2020-10-16 04:40:19
羊东矿,0000037A06,佐城二号总回甲烷,甲烷,0.05,%CH4,2020-10-16 04:40:19
羊东矿,0000037A07,42采区回风巷甲烷,甲烷,0.09,%CH4,2020-10-16 04:40:19
羊东矿,0000031A07,8470运料巷配巷掘进面回风风速,风速,1.30,m/s,2020-10-16 04:40:46
羊东矿,0000031A08,8470运料巷配巷掘进面加密甲烷,甲烷,0.00,%CH4,2020-10-16 04:40:46
羊东矿,0000031A09,8470运料巷配巷掘进面甲烷T1,甲烷,0.05,%CH4,2020-10-16 04:40:46
羊东矿,0000031A12,8470运料巷配巷掘进面粉尘,粉尘浓度,0.00,mg/ m3,2020-10-16 04:40:46
羊东矿,0000031A14,8470运料巷配巷掘进面分风口甲烷T4,甲烷,0.01,%CH4,2020-10-16 04:40:46
羊东矿,0000031C01,8470运料巷配巷掘进面动力断电,断电控制器,复电,,2020-10-16 04:40:46
羊东矿,0000031D02,8470运料巷配巷掘进面动力馈电,馈电传感器,负荷侧有电压,,2020-10-16 04:40:46
羊东矿,0000031D03,8470运料巷配巷掘进面副风机,开停,停,,2020-10-16 04:40:46
羊东矿,0000031D04,8470运料巷配巷掘进面主风机,开停,开,,2020-10-16 04:40:46
羊东矿,0000031D10,8470运料巷配巷掘进面风筒,风筒开关传感器,风筒有风,,2020-10-16 04:40:46
羊东矿,0000031D13,8470运料巷配巷掘进面主风机馈电,馈电传感器,负荷侧有电压,,2020-10-16 04:40:46
羊东矿,0000031D15,8470运料巷配巷掘进面副风机馈电,馈电传感器,负荷侧有电压,,2020-10-16 04:40:46
羊东矿,0000031D16,8470运料巷配巷掘进面风向,开停,开,,2020-10-16 04:40:46
羊东矿,0000032A04,42区永久避难硐室后门过渡室CO.,一氧化碳,0.00,ppm,2020-10-16 04:40:46
羊东矿,0000032A05,42区永久避难硐室后门CO,一氧化碳,0.00,ppm,2020-10-16 04:40:46
羊东矿,0000032A06,42区永久避难硐室后门CO2,二氧化碳,0.00,%,2020-10-16 04:40:46
羊东矿,0000032A07,42区永久避难硐室后门甲烷激,甲烷,0.00,%CH4,2020-10-16 04:40:46
羊东矿,0000032A09,42皮带上部进风甲烷激,甲烷,0.02,%CH4,2020-10-16 04:40:46
羊东矿,0000032A10,42区永久避难硐室生存室CO2,二氧化碳,0.01,%,2020-10-16 04:40:46
羊东矿,0000032A13,42回风改造甲烷,甲烷,0.07,%CH4,2020-10-16 04:40:46
羊东矿,0000032A15,42回风改造风速,风速,2.70,m/s,2020-10-16 04:40:46
羊东矿,0000032D12,42皮带上部进风风向,开停,开,,2020-10-16 04:40:46
羊东矿,0000033A05,进风道猴车车房温度,温度,20.30,℃,2020-10-16 04:40:46
羊东矿,0000033A06,副斜车房温度,温度,17.20,℃,2020-10-16 04:40:46
羊东矿,0000033A08,-110治水泵房温度,温度,23.40,℃,2020-10-16 04:40:46
羊东矿,0000033A09,南井正前进风甲烷激,甲烷,0.00,%CH4,2020-10-16 04:40:46
羊东矿,0000033D10,南井正前进风风向,开停,停,,2020-10-16 04:40:46
羊东矿,0000037A05,佐城二号总回风速,风速,4.50,m/s,2020-10-16 04:40:46
羊东矿,0000037A06,佐城二号总回甲烷,甲烷,0.05,%CH4,2020-10-16 04:40:46
羊东矿,0000037A07,42采区回风巷甲烷,甲烷,0.09,%CH4,2020-10-16 04:40:46
羊东矿,0000031A07,8470运料巷配巷掘进面回风风速,风速,1.30,m/s,2020-10-16 04:41:38
羊东矿,0000031A08,8470运料巷配巷掘进面加密甲烷,甲烷,0.00,%CH4,2020-10-16 04:41:38
羊东矿,0000031A09,8470运料巷配巷掘进面甲烷T1,甲烷,0.04,%CH4,2020-10-16 04:41:38
羊东矿,0000031A12,8470运料巷配巷掘进面粉尘,粉尘浓度,0.00,mg/ m3,2020-10-16 04:41:38
羊东矿,0000031A14,8470运料巷配巷掘进面分风口甲烷T4,甲烷,0.01,%CH4,2020-10-16 04:41:38
羊东矿,0000031C01,8470运料巷配巷掘进面动力断电,断电控制器,复电,,2020-10-16 04:41:38
羊东矿,0000031D02,8470运料巷配巷掘进面动力馈电,馈电传感器,负荷侧有电压,,2020-10-16 04:41:38
羊东矿,0000031D03,8470运料巷配巷掘进面副风机,开停,停,,2020-10-16 04:41:38
羊东矿,0000031D04,8470运料巷配巷掘进面主风机,开停,开,,2020-10-16 04:41:38
羊东矿,0000031D10,8470运料巷配巷掘进面风筒,风筒开关传感器,风筒有风,,2020-10-16 04:41:38
羊东矿,0000031D13,8470运料巷配巷掘进面主风机馈电,馈电传感器,负荷侧有电压,,2020-10-16 04:41:38
羊东矿,0000031D15,8470运料巷配巷掘进面副风机馈电,馈电传感器,负荷侧有电压,,2020-10-16 04:41:38
羊东矿,0000031D16,8470运料巷配巷掘进面风向,开停,开,,2020-10-16 04:41:38
羊东矿,0000032A04,42区永久避难硐室后门过渡室CO.,一氧化碳,0.00,ppm,2020-10-16 04:41:38
羊东矿,0000032A05,42区永久避难硐室后门CO,一氧化碳,0.00,ppm,2020-10-16 04:41:38
羊东矿,0000032A06,42区永久避难硐室后门CO2,二氧化碳,0.00,%,2020-10-16 04:41:38
羊东矿,0000032A07,42区永久避难硐室后门甲烷激,甲烷,0.00,%CH4,2020-10-16 04:41:38
羊东矿,0000032A09,42皮带上部进风甲烷激,甲烷,0.03,%CH4,2020-10-16 04:41:38
羊东矿,0000032A10,42区永久避难硐室生存室CO2,二氧化碳,0.01,%,2020-10-16 04:41:38
羊东矿,0000032A13,42回风改造甲烷,甲烷,0.07,%CH4,2020-10-16 04:41:38
羊东矿,0000032A15,42回风改造风速,风速,2.40,m/s,2020-10-16 04:41:38
羊东矿,0000032D12,42皮带上部进风风向,开停,开,,2020-10-16 04:41:38
羊东矿,0000033A05,进风道猴车车房温度,温度,20.30,℃,2020-10-16 04:41:38
羊东矿,0000033A06,副斜车房温度,温度,17.20,℃,2020-10-16 04:41:38
羊东矿,0000033A08,-110治水泵房温度,温度,23.40,℃,2020-10-16 04:41:38
羊东矿,0000033A09,南井正前进风甲烷激,甲烷,0.00,%CH4,2020-10-16 04:41:38
羊东矿,0000033D10,南井正前进风风向,开停,停,,2020-10-16 04:41:38
羊东矿,0000037A05,佐城二号总回风速,风速,4.50,m/s,2020-10-16 04:41:38
羊东矿,0000037A06,佐城二号总回甲烷,甲烷,0.05,%CH4,2020-10-16 04:41:38
羊东矿,0000037A07,42采区回风巷甲烷,甲烷,0.09,%CH4,2020-10-16 04:41:38
羊东矿,0000031A07,8470运料巷配巷掘进面回风风速,风速,1.30,m/s,2020-10-16 04:41:38
羊东矿,0000031A08,8470运料巷配巷掘进面加密甲烷,甲烷,0.00,%CH4,2020-10-16 04:41:38
羊东矿,0000031A09,8470运料巷配巷掘进面甲烷T1,甲烷,0.04,%CH4,2020-10-16 04:41:38
羊东矿,0000031A12,8470运料巷配巷掘进面粉尘,粉尘浓度,0.00,mg/ m3,2020-10-16 04:41:38
羊东矿,0000031A14,8470运料巷配巷掘进面分风口甲烷T4,甲烷,0.01,%CH4,2020-10-16 04:41:38
羊东矿,0000031C01,8470运料巷配巷掘进面动力断电,断电控制器,复电,,2020-10-16 04:41:38
羊东矿,0000031D02,8470运料巷配巷掘进面动力馈电,馈电传感器,负荷侧有电压,,2020-10-16 04:41:38
羊东矿,0000031D03,8470运料巷配巷掘进面副风机,开停,停,,2020-10-16 04:41:38
羊东矿,0000031D04,8470运料巷配巷掘进面主风机,开停,开,,2020-10-16 04:41:38
羊东矿,0000031D10,8470运料巷配巷掘进面风筒,风筒开关传感器,风筒有风,,2020-10-16 04:41:38
羊东矿,0000031D13,8470运料巷配巷掘进面主风机馈电,馈电传感器,负荷侧有电压,,2020-10-16 04:41:38
羊东矿,0000031D15,8470运料巷配巷掘进面副风机馈电,馈电传感器,负荷侧有电压,,2020-10-16 04:41:38
羊东矿,0000031D16,8470运料巷配巷掘进面风向,开停,开,,2020-10-16 04:41:38
羊东矿,0000032A04,42区永久避难硐室后门过渡室CO.,一氧化碳,0.00,ppm,2020-10-16 04:41:38
羊东矿,0000032A05,42区永久避难硐室后门CO,一氧化碳,0.00,ppm,2020-10-16 04:41:38
羊东矿,0000032A06,42区永久避难硐室后门CO2,二氧化碳,0.00,%,2020-10-16 04:41:38
羊东矿,0000032A07,42区永久避难硐室后门甲烷激,甲烷,0.00,%CH4,2020-10-16 04:41:38
羊东矿,0000032A09,42皮带上部进风甲烷激,甲烷,0.03,%CH4,2020-10-16 04:41:38
羊东矿,0000032A10,42区永久避难硐室生存室CO2,二氧化碳,0.01,%,2020-10-16 04:41:38
羊东矿,0000032A13,42回风改造甲烷,甲烷,0.07,%CH4,2020-10-16 04:41:38
羊东矿,0000032A15,42回风改造风速,风速,2.40,m/s,2020-10-16 04:41:38
羊东矿,0000032D12,42皮带上部进风风向,开停,开,,2020-10-16 04:41:38
羊东矿,0000033A05,进风道猴车车房温度,温度,20.30,℃,2020-10-16 04:41:38
羊东矿,0000033A06,副斜车房温度,温度,17.20,℃,2020-10-16 04:41:38
羊东矿,0000033A08,-110治水泵房温度,温度,23.40,℃,2020-10-16 04:41:38
羊东矿,0000033A09,南井正前进风甲烷激,甲烷,0.00,%CH4,2020-10-16 04:41:38
羊东矿,0000033D10,南井正前进风风向,开停,停,,2020-10-16 04:41:38
羊东矿,0000037A05,佐城二号总回风速,风速,4.50,m/s,2020-10-16 04:41:38
羊东矿,0000037A06,佐城二号总回甲烷,甲烷,0.05,%CH4,2020-10-16 04:41:38
羊东矿,0000037A07,42采区回风巷甲烷,甲烷,0.09,%CH4,2020-10-16 04:41:38
羊东矿,0000031A07,8470运料巷配巷掘进面回风风速,风速,1.30,m/s,2020-10-16 04:42:05
羊东矿,0000031A08,8470运料巷配巷掘进面加密甲烷,甲烷,0.00,%CH4,2020-10-16 04:42:05
羊东矿,0000031A09,8470运料巷配巷掘进面甲烷T1,甲烷,0.04,%CH4,2020-10-16 04:42:05
羊东矿,0000031A12,8470运料巷配巷掘进面粉尘,粉尘浓度,0.00,mg/ m3,2020-10-16 04:42:05
羊东矿,0000031A14,8470运料巷配巷掘进面分风口甲烷T4,甲烷,0.01,%CH4,2020-10-16 04:42:05
羊东矿,0000031C01,8470运料巷配巷掘进面动力断电,断电控制器,复电,,2020-10-16 04:42:05
羊东矿,0000031D02,8470运料巷配巷掘进面动力馈电,馈电传感器,负荷侧有电压,,2020-10-16 04:42:05
羊东矿,0000031D03,8470运料巷配巷掘进面副风机,开停,停,,2020-10-16 04:42:05
羊东矿,0000031D04,8470运料巷配巷掘进面主风机,开停,开,,2020-10-16 04:42:05
羊东矿,0000031D10,8470运料巷配巷掘进面风筒,风筒开关传感器,风筒有风,,2020-10-16 04:42:05
羊东矿,0000031D13,8470运料巷配巷掘进面主风机馈电,馈电传感器,负荷侧有电压,,2020-10-16 04:42:05
羊东矿,0000031D15,8470运料巷配巷掘进面副风机馈电,馈电传感器,负荷侧有电压,,2020-10-16 04:42:05
羊东矿,0000031D16,8470运料巷配巷掘进面风向,开停,开,,2020-10-16 04:42:05
羊东矿,0000032A04,42区永久避难硐室后门过渡室CO.,一氧化碳,0.00,ppm,2020-10-16 04:42:05
羊东矿,0000032A05,42区永久避难硐室后门CO,一氧化碳,0.00,ppm,2020-10-16 04:42:05
羊东矿,0000032A06,42区永久避难硐室后门CO2,二氧化碳,0.00,%,2020-10-16 04:42:05
羊东矿,0000032A07,42区永久避难硐室后门甲烷激,甲烷,0.00,%CH4,2020-10-16 04:42:05
羊东矿,0000032A09,42皮带上部进风甲烷激,甲烷,0.03,%CH4,2020-10-16 04:42:05
羊东矿,0000032A10,42区永久避难硐室生存室CO2,二氧化碳,0.01,%,2020-10-16 04:42:05
羊东矿,0000032A13,42回风改造甲烷,甲烷,0.07,%CH4,2020-10-16 04:42:05
羊东矿,0000032A15,42回风改造风速,风速,2.70,m/s,2020-10-16 04:42:05
羊东矿,0000032D12,42皮带上部进风风向,开停,开,,2020-10-16 04:42:05
羊东矿,0000033A05,进风道猴车车房温度,温度,20.40,℃,2020-10-16 04:42:05
羊东矿,0000033A06,副斜车房温度,温度,17.20,℃,2020-10-16 04:42:05
羊东矿,0000033A08,-110治水泵房温度,温度,23.40,℃,2020-10-16 04:42:05
羊东矿,0000033A09,南井正前进风甲烷激,甲烷,0.00,%CH4,2020-10-16 04:42:05
羊东矿,0000033D10,南井正前进风风向,开停,停,,2020-10-16 04:42:05
羊东矿,0000037A05,佐城二号总回风速,风速,4.60,m/s,2020-10-16 04:42:05
羊东矿,0000037A06,佐城二号总回甲烷,甲烷,0.05,%CH4,2020-10-16 04:42:05
羊东矿,0000037A07,42采区回风巷甲烷,甲烷,0.09,%CH4,2020-10-16 04:42:05
羊东矿,0000031A07,8470运料巷配巷掘进面回风风速,风速,1.30,m/s,2020-10-16 04:42:31
羊东矿,0000031A08,8470运料巷配巷掘进面加密甲烷,甲烷,0.00,%CH4,2020-10-16 04:42:31
羊东矿,0000031A09,8470运料巷配巷掘进面甲烷T1,甲烷,0.05,%CH4,2020-10-16 04:42:31
羊东矿,0000031A12,8470运料巷配巷掘进面粉尘,粉尘浓度,0.00,mg/ m3,2020-10-16 04:42:31
羊东矿,0000031A14,8470运料巷配巷掘进面分风口甲烷T4,甲烷,0.00,%CH4,2020-10-16 04:42:31
羊东矿,0000031C01,8470运料巷配巷掘进面动力断电,断电控制器,复电,,2020-10-16 04:42:31
羊东矿,0000031D02,8470运料巷配巷掘进面动力馈电,馈电传感器,负荷侧有电压,,2020-10-16 04:42:31
羊东矿,0000031D03,8470运料巷配巷掘进面副风机,开停,停,,2020-10-16 04:42:31
羊东矿,0000031D04,8470运料巷配巷掘进面主风机,开停,开,,2020-10-16 04:42:31
羊东矿,0000031D10,8470运料巷配巷掘进面风筒,风筒开关传感器,风筒有风,,2020-10-16 04:42:31
羊东矿,0000031D13,8470运料巷配巷掘进面主风机馈电,馈电传感器,负荷侧有电压,,2020-10-16 04:42:31
羊东矿,0000031D15,8470运料巷配巷掘进面副风机馈电,馈电传感器,负荷侧有电压,,2020-10-16 04:42:31
羊东矿,0000031D16,8470运料巷配巷掘进面风向,开停,开,,2020-10-16 04:42:31
羊东矿,0000032A04,42区永久避难硐室后门过渡室CO.,一氧化碳,0.00,ppm,2020-10-16 04:42:31
羊东矿,0000032A05,42区永久避难硐室后门CO,一氧化碳,0.00,ppm,2020-10-16 04:42:31
羊东矿,0000032A06,42区永久避难硐室后门CO2,二氧化碳,0.00,%,2020-10-16 04:42:31
羊东矿,0000032A07,42区永久避难硐室后门甲烷激,甲烷,0.00,%CH4,2020-10-16 04:42:31
羊东矿,0000032A09,42皮带上部进风甲烷激,甲烷,0.02,%CH4,2020-10-16 04:42:31
羊东矿,0000032A10,42区永久避难硐室生存室CO2,二氧化碳,0.01,%,2020-10-16 04:42:31
羊东矿,0000032A13,42回风改造甲烷,甲烷,0.07,%CH4,2020-10-16 04:42:31
羊东矿,0000032A15,42回风改造风速,风速,2.60,m/s,2020-10-16 04:42:31
羊东矿,0000032D12,42皮带上部进风风向,开停,开,,2020-10-16 04:42:31
羊东矿,0000033A05,进风道猴车车房温度,温度,20.30,℃,2020-10-16 04:42:31
羊东矿,0000033A06,副斜车房温度,温度,17.20,℃,2020-10-16 04:42:31
羊东矿,0000033A08,-110治水泵房温度,温度,23.40,℃,2020-10-16 04:42:31
羊东矿,0000033A09,南井正前进风甲烷激,甲烷,0.00,%CH4,2020-10-16 04:42:31
羊东矿,0000033D10,南井正前进风风向,开停,停,,2020-10-16 04:42:31
羊东矿,0000037A05,佐城二号总回风速,风速,4.60,m/s,2020-10-16 04:42:31
羊东矿,0000037A06,佐城二号总回甲烷,甲烷,0.05,%CH4,2020-10-16 04:42:31
羊东矿,0000037A07,42采区回风巷甲烷,甲烷,0.08,%CH4,2020-10-16 04:42:31
羊东矿,0000031A07,8470运料巷配巷掘进面回风风速,风速,1.30,m/s,2020-10-16 04:43:24
羊东矿,0000031A08,8470运料巷配巷掘进面加密甲烷,甲烷,0.00,%CH4,2020-10-16 04:43:24
羊东矿,0000031A09,8470运料巷配巷掘进面甲烷T1,甲烷,0.05,%CH4,2020-10-16 04:43:24
羊东矿,0000031A12,8470运料巷配巷掘进面粉尘,粉尘浓度,0.00,mg/ m3,2020-10-16 04:43:24
羊东矿,0000031A14,8470运料巷配巷掘进面分风口甲烷T4,甲烷,0.00,%CH4,2020-10-16 04:43:24
羊东矿,0000031C01,8470运料巷配巷掘进面动力断电,断电控制器,复电,,2020-10-16 04:43:24
羊东矿,0000031D02,8470运料巷配巷掘进面动力馈电,馈电传感器,负荷侧有电压,,2020-10-16 04:43:24
羊东矿,0000031D03,8470运料巷配巷掘进面副风机,开停,停,,2020-10-16 04:43:24
羊东矿,0000031D04,8470运料巷配巷掘进面主风机,开停,开,,2020-10-16 04:43:24
羊东矿,0000031D10,8470运料巷配巷掘进面风筒,风筒开关传感器,风筒有风,,2020-10-16 04:43:24
羊东矿,0000031D13,8470运料巷配巷掘进面主风机馈电,馈电传感器,负荷侧有电压,,2020-10-16 04:43:24
羊东矿,0000031D15,8470运料巷配巷掘进面副风机馈电,馈电传感器,负荷侧有电压,,2020-10-16 04:43:24
羊东矿,0000031D16,8470运料巷配巷掘进面风向,开停,开,,2020-10-16 04:43:24
羊东矿,0000032A04,42区永久避难硐室后门过渡室CO.,一氧化碳,0.00,ppm,2020-10-16 04:43:24
羊东矿,0000032A05,42区永久避难硐室后门CO,一氧化碳,0.00,ppm,2020-10-16 04:43:24
羊东矿,0000032A06,42区永久避难硐室后门CO2,二氧化碳,0.00,%,2020-10-16 04:43:24
羊东矿,0000032A07,42区永久避难硐室后门甲烷激,甲烷,0.00,%CH4,2020-10-16 04:43:24
羊东矿,0000032A09,42皮带上部进风甲烷激,甲烷,0.02,%CH4,2020-10-16 04:43:24
羊东矿,0000032A10,42区永久避难硐室生存室CO2,二氧化碳,0.01,%,2020-10-16 04:43:24
羊东矿,0000032A13,42回风改造甲烷,甲烷,0.07,%CH4,2020-10-16 04:43:24
羊东矿,0000032A15,42回风改造风速,风速,2.60,m/s,2020-10-16 04:43:24
羊东矿,0000032D12,42皮带上部进风风向,开停,开,,2020-10-16 04:43:24
羊东矿,0000033A05,进风道猴车车房温度,温度,20.40,℃,2020-10-16 04:43:24
羊东矿,0000033A06,副斜车房温度,温度,17.20,℃,2020-10-16 04:43:24
羊东矿,0000033A08,-110治水泵房温度,温度,23.50,℃,2020-10-16 04:43:24
羊东矿,0000033A09,南井正前进风甲烷激,甲烷,0.00,%CH4,2020-10-16 04:43:24
羊东矿,0000033D10,南井正前进风风向,开停,停,,2020-10-16 04:43:24
羊东矿,0000037A05,佐城二号总回风速,风速,4.50,m/s,2020-10-16 04:43:24
羊东矿,0000037A06,佐城二号总回甲烷,甲烷,0.04,%CH4,2020-10-16 04:43:24
羊东矿,0000037A07,42采区回风巷甲烷,甲烷,0.09,%CH4,2020-10-16 04:43:24
羊东矿,0000031A07,8470运料巷配巷掘进面回风风速,风速,1.30,m/s,2020-10-16 04:43:50
羊东矿,0000031A08,8470运料巷配巷掘进面加密甲烷,甲烷,0.00,%CH4,2020-10-16 04:43:50
羊东矿,0000031A09,8470运料巷配巷掘进面甲烷T1,甲烷,0.04,%CH4,2020-10-16 04:43:50
羊东矿,0000031A12,8470运料巷配巷掘进面粉尘,粉尘浓度,0.00,mg/ m3,2020-10-16 04:43:50
羊东矿,0000031A14,8470运料巷配巷掘进面分风口甲烷T4,甲烷,0.01,%CH4,2020-10-16 04:43:50
羊东矿,0000031C01,8470运料巷配巷掘进面动力断电,断电控制器,复电,,2020-10-16 04:43:50
羊东矿,0000031D02,8470运料巷配巷掘进面动力馈电,馈电传感器,负荷侧有电压,,2020-10-16 04:43:50
羊东矿,0000031D03,8470运料巷配巷掘进面副风机,开停,停,,2020-10-16 04:43:50
羊东矿,0000031D04,8470运料巷配巷掘进面主风机,开停,开,,2020-10-16 04:43:50
羊东矿,0000031D10,8470运料巷配巷掘进面风筒,风筒开关传感器,风筒有风,,2020-10-16 04:43:50
羊东矿,0000031D13,8470运料巷配巷掘进面主风机馈电,馈电传感器,负荷侧有电压,,2020-10-16 04:43:50
羊东矿,0000031D15,8470运料巷配巷掘进面副风机馈电,馈电传感器,负荷侧有电压,,2020-10-16 04:43:50
羊东矿,0000031D16,8470运料巷配巷掘进面风向,开停,开,,2020-10-16 04:43:50
羊东矿,0000032A04,42区永久避难硐室后门过渡室CO.,一氧化碳,0.00,ppm,2020-10-16 04:43:50
羊东矿,0000032A05,42区永久避难硐室后门CO,一氧化碳,0.00,ppm,2020-10-16 04:43:50
羊东矿,0000032A06,42区永久避难硐室后门CO2,二氧化碳,0.00,%,2020-10-16 04:43:50
羊东矿,0000032A07,42区永久避难硐室后门甲烷激,甲烷,0.00,%CH4,2020-10-16 04:43:50
羊东矿,0000032A09,42皮带上部进风甲烷激,甲烷,0.01,%CH4,2020-10-16 04:43:50
羊东矿,0000032A10,42区永久避难硐室生存室CO2,二氧化碳,0.01,%,2020-10-16 04:43:50
羊东矿,0000032A13,42回风改造甲烷,甲烷,0.07,%CH4,2020-10-16 04:43:50
羊东矿,0000032A15,42回风改造风速,风速,2.80,m/s,2020-10-16 04:43:50
羊东矿,0000032D12,42皮带上部进风风向,开停,开,,2020-10-16 04:43:50
羊东矿,0000033A05,进风道猴车车房温度,温度,20.40,℃,2020-10-16 04:43:50
羊东矿,0000033A06,副斜车房温度,温度,17.20,℃,2020-10-16 04:43:50
羊东矿,0000033A08,-110治水泵房温度,温度,23.50,℃,2020-10-16 04:43:50
羊东矿,0000033A09,南井正前进风甲烷激,甲烷,0.00,%CH4,2020-10-16 04:43:50
羊东矿,0000033D10,南井正前进风风向,开停,停,,2020-10-16 04:43:50
羊东矿,0000037A05,佐城二号总回风速,风速,4.50,m/s,2020-10-16 04:43:50
羊东矿,0000037A06,佐城二号总回甲烷,甲烷,0.04,%CH4,2020-10-16 04:43:50
羊东矿,0000037A07,42采区回风巷甲烷,甲烷,0.08,%CH4,2020-10-16 04:43:50
羊东矿,0000031A07,8470运料巷配巷掘进面回风风速,风速,1.30,m/s,2020-10-16 04:44:16
羊东矿,0000031A08,8470运料巷配巷掘进面加密甲烷,甲烷,0.00,%CH4,2020-10-16 04:44:16
羊东矿,0000031A09,8470运料巷配巷掘进面甲烷T1,甲烷,0.04,%CH4,2020-10-16 04:44:16
羊东矿,0000031A12,8470运料巷配巷掘进面粉尘,粉尘浓度,0.00,mg/ m3,2020-10-16 04:44:16
羊东矿,0000031A14,8470运料巷配巷掘进面分风口甲烷T4,甲烷,0.01,%CH4,2020-10-16 04:44:16
羊东矿,0000031C01,8470运料巷配巷掘进面动力断电,断电控制器,复电,,2020-10-16 04:44:16
羊东矿,0000031D02,8470运料巷配巷掘进面动力馈电,馈电传感器,负荷侧有电压,,2020-10-16 04:44:16
羊东矿,0000031D03,8470运料巷配巷掘进面副风机,开停,停,,2020-10-16 04:44:16
羊东矿,0000031D04,8470运料巷配巷掘进面主风机,开停,开,,2020-10-16 04:44:16
羊东矿,0000031D10,8470运料巷配巷掘进面风筒,风筒开关传感器,风筒有风,,2020-10-16 04:44:16
羊东矿,0000031D13,8470运料巷配巷掘进面主风机馈电,馈电传感器,负荷侧有电压,,2020-10-16 04:44:16
羊东矿,0000031D15,8470运料巷配巷掘进面副风机馈电,馈电传感器,负荷侧有电压,,2020-10-16 04:44:16
羊东矿,0000031D16,8470运料巷配巷掘进面风向,开停,开,,2020-10-16 04:44:16
羊东矿,0000032A04,42区永久避难硐室后门过渡室CO.,一氧化碳,0.00,ppm,2020-10-16 04:44:16
羊东矿,0000032A05,42区永久避难硐室后门CO,一氧化碳,0.00,ppm,2020-10-16 04:44:16
羊东矿,0000032A06,42区永久避难硐室后门CO2,二氧化碳,0.00,%,2020-10-16 04:44:16
羊东矿,0000032A07,42区永久避难硐室后门甲烷激,甲烷,0.00,%CH4,2020-10-16 04:44:16
羊东矿,0000032A09,42皮带上部进风甲烷激,甲烷,0.02,%CH4,2020-10-16 04:44:16
羊东矿,0000032A10,42区永久避难硐室生存室CO2,二氧化碳,0.01,%,2020-10-16 04:44:16
羊东矿,0000032A13,42回风改造甲烷,甲烷,0.07,%CH4,2020-10-16 04:44:16
羊东矿,0000032A15,42回风改造风速,风速,2.80,m/s,2020-10-16 04:44:16
羊东矿,0000032D12,42皮带上部进风风向,开停,开,,2020-10-16 04:44:16
羊东矿,0000033A05,进风道猴车车房温度,温度,20.40,℃,2020-10-16 04:44:16
羊东矿,0000033A06,副斜车房温度,温度,17.20,℃,2020-10-16 04:44:16
羊东矿,0000033A08,-110治水泵房温度,温度,23.60,℃,2020-10-16 04:44:16
羊东矿,0000033A09,南井正前进风甲烷激,甲烷,0.00,%CH4,2020-10-16 04:44:16
羊东矿,0000033D10,南井正前进风风向,开停,停,,2020-10-16 04:44:16
羊东矿,0000037A05,佐城二号总回风速,风速,4.40,m/s,2020-10-16 04:44:16
羊东矿,0000037A06,佐城二号总回甲烷,甲烷,0.04,%CH4,2020-10-16 04:44:16
羊东矿,0000037A07,42采区回风巷甲烷,甲烷,0.08,%CH4,2020-10-16 04:44:16
羊东矿,0000031A07,8470运料巷配巷掘进面回风风速,风速,1.30,m/s,2020-10-16 04:45:09
羊东矿,0000031A08,8470运料巷配巷掘进面加密甲烷,甲烷,0.00,%CH4,2020-10-16 04:45:09
羊东矿,0000031A09,8470运料巷配巷掘进面甲烷T1,甲烷,0.04,%CH4,2020-10-16 04:45:09
羊东矿,0000031A12,8470运料巷配巷掘进面粉尘,粉尘浓度,0.00,mg/ m3,2020-10-16 04:45:09
羊东矿,0000031A14,8470运料巷配巷掘进面分风口甲烷T4,甲烷,0.01,%CH4,2020-10-16 04:45:09
羊东矿,0000031C01,8470运料巷配巷掘进面动力断电,断电控制器,复电,,2020-10-16 04:45:09
羊东矿,0000031D02,8470运料巷配巷掘进面动力馈电,馈电传感器,负荷侧有电压,,2020-10-16 04:45:09
羊东矿,0000031D03,8470运料巷配巷掘进面副风机,开停,停,,2020-10-16 04:45:09
羊东矿,0000031D04,8470运料巷配巷掘进面主风机,开停,开,,2020-10-16 04:45:09
羊东矿,0000031D10,8470运料巷配巷掘进面风筒,风筒开关传感器,风筒有风,,2020-10-16 04:45:09
羊东矿,0000031D13,8470运料巷配巷掘进面主风机馈电,馈电传感器,负荷侧有电压,,2020-10-16 04:45:09
羊东矿,0000031D15,8470运料巷配巷掘进面副风机馈电,馈电传感器,负荷侧有电压,,2020-10-16 04:45:09
羊东矿,0000031D16,8470运料巷配巷掘进面风向,开停,开,,2020-10-16 04:45:09
羊东矿,0000032A04,42区永久避难硐室后门过渡室CO.,一氧化碳,0.00,ppm,2020-10-16 04:45:09
羊东矿,0000032A05,42区永久避难硐室后门CO,一氧化碳,0.00,ppm,2020-10-16 04:45:09
羊东矿,0000032A06,42区永久避难硐室后门CO2,二氧化碳,0.00,%,2020-10-16 04:45:09
羊东矿,0000032A07,42区永久避难硐室后门甲烷激,甲烷,0.00,%CH4,2020-10-16 04:45:09
羊东矿,0000032A09,42皮带上部进风甲烷激,甲烷,0.03,%CH4,2020-10-16 04:45:09
羊东矿,0000032A10,42区永久避难硐室生存室CO2,二氧化碳,0.01,%,2020-10-16 04:45:09
羊东矿,0000032A13,42回风改造甲烷,甲烷,0.07,%CH4,2020-10-16 04:45:09
羊东矿,0000032A15,42回风改造风速,风速,2.70,m/s,2020-10-16 04:45:09
羊东矿,0000032D12,42皮带上部进风风向,开停,开,,2020-10-16 04:45:09
羊东矿,0000033A05,进风道猴车车房温度,温度,20.40,℃,2020-10-16 04:45:09
羊东矿,0000033A06,副斜车房温度,温度,17.20,℃,2020-10-16 04:45:09
羊东矿,0000033A08,-110治水泵房温度,温度,23.60,℃,2020-10-16 04:45:09
羊东矿,0000033A09,南井正前进风甲烷激,甲烷,0.00,%CH4,2020-10-16 04:45:09
羊东矿,0000033D10,南井正前进风风向,开停,停,,2020-10-16 04:45:09
羊东矿,0000037A05,佐城二号总回风速,风速,4.50,m/s,2020-10-16 04:45:09
羊东矿,0000037A06,佐城二号总回甲烷,甲烷,0.04,%CH4,2020-10-16 04:45:09
羊东矿,0000037A07,42采区回风巷甲烷,甲烷,0.08,%CH4,2020-10-16 04:45:09
羊东矿,0000031A07,8470运料巷配巷掘进面回风风速,风速,1.30,m/s,2020-10-16 04:45:09
羊东矿,0000031A08,8470运料巷配巷掘进面加密甲烷,甲烷,0.00,%CH4,2020-10-16 04:45:09
羊东矿,0000031A09,8470运料巷配巷掘进面甲烷T1,甲烷,0.04,%CH4,2020-10-16 04:45:09
羊东矿,0000031A12,8470运料巷配巷掘进面粉尘,粉尘浓度,0.00,mg/ m3,2020-10-16 04:45:09
羊东矿,0000031A14,8470运料巷配巷掘进面分风口甲烷T4,甲烷,0.01,%CH4,2020-10-16 04:45:09
羊东矿,0000031C01,8470运料巷配巷掘进面动力断电,断电控制器,复电,,2020-10-16 04:45:09
羊东矿,0000031D02,8470运料巷配巷掘进面动力馈电,馈电传感器,负荷侧有电压,,2020-10-16 04:45:09
羊东矿,0000031D03,8470运料巷配巷掘进面副风机,开停,停,,2020-10-16 04:45:09
羊东矿,0000031D04,8470运料巷配巷掘进面主风机,开停,开,,2020-10-16 04:45:09
羊东矿,0000031D10,8470运料巷配巷掘进面风筒,风筒开关传感器,风筒有风,,2020-10-16 04:45:09
羊东矿,0000031D13,8470运料巷配巷掘进面主风机馈电,馈电传感器,负荷侧有电压,,2020-10-16 04:45:09
羊东矿,0000031D15,8470运料巷配巷掘进面副风机馈电,馈电传感器,负荷侧有电压,,2020-10-16 04:45:09
羊东矿,0000031D16,8470运料巷配巷掘进面风向,开停,开,,2020-10-16 04:45:09
羊东矿,0000032A04,42区永久避难硐室后门过渡室CO.,一氧化碳,0.00,ppm,2020-10-16 04:45:09
羊东矿,0000032A05,42区永久避难硐室后门CO,一氧化碳,0.00,ppm,2020-10-16 04:45:09
羊东矿,0000032A06,42区永久避难硐室后门CO2,二氧化碳,0.00,%,2020-10-16 04:45:09
羊东矿,0000032A07,42区永久避难硐室后门甲烷激,甲烷,0.00,%CH4,2020-10-16 04:45:09
羊东矿,0000032A09,42皮带上部进风甲烷激,甲烷,0.03,%CH4,2020-10-16 04:45:09
羊东矿,0000032A10,42区永久避难硐室生存室CO2,二氧化碳,0.01,%,2020-10-16 04:45:09
羊东矿,0000032A13,42回风改造甲烷,甲烷,0.07,%CH4,2020-10-16 04:45:09
羊东矿,0000032A15,42回风改造风速,风速,2.70,m/s,2020-10-16 04:45:09
羊东矿,0000032D12,42皮带上部进风风向,开停,开,,2020-10-16 04:45:09
羊东矿,0000033A05,进风道猴车车房温度,温度,20.40,℃,2020-10-16 04:45:09
羊东矿,0000033A06,副斜车房温度,温度,17.20,℃,2020-10-16 04:45:09
羊东矿,0000033A08,-110治水泵房温度,温度,23.60,℃,2020-10-16 04:45:09
羊东矿,0000033A09,南井正前进风甲烷激,甲烷,0.00,%CH4,2020-10-16 04:45:09
羊东矿,0000033D10,南井正前进风风向,开停,停,,2020-10-16 04:45:09
羊东矿,0000037A05,佐城二号总回风速,风速,4.50,m/s,2020-10-16 04:45:09
羊东矿,0000037A06,佐城二号总回甲烷,甲烷,0.04,%CH4,2020-10-16 04:45:09
羊东矿,0000037A07,42采区回风巷甲烷,甲烷,0.08,%CH4,2020-10-16 04:45:09
羊东矿,0000031A07,8470运料巷配巷掘进面回风风速,风速,1.30,m/s,2020-10-16 04:45:36
羊东矿,0000031A08,8470运料巷配巷掘进面加密甲烷,甲烷,0.00,%CH4,2020-10-16 04:45:36
羊东矿,0000031A09,8470运料巷配巷掘进面甲烷T1,甲烷,0.05,%CH4,2020-10-16 04:45:36
羊东矿,0000031A12,8470运料巷配巷掘进面粉尘,粉尘浓度,0.00,mg/ m3,2020-10-16 04:45:36
羊东矿,0000031A14,8470运料巷配巷掘进面分风口甲烷T4,甲烷,0.01,%CH4,2020-10-16 04:45:36
羊东矿,0000031C01,8470运料巷配巷掘进面动力断电,断电控制器,复电,,2020-10-16 04:45:36
羊东矿,0000031D02,8470运料巷配巷掘进面动力馈电,馈电传感器,负荷侧有电压,,2020-10-16 04:45:36
羊东矿,0000031D03,8470运料巷配巷掘进面副风机,开停,停,,2020-10-16 04:45:36
羊东矿,0000031D04,8470运料巷配巷掘进面主风机,开停,开,,2020-10-16 04:45:36
羊东矿,0000031D10,8470运料巷配巷掘进面风筒,风筒开关传感器,风筒有风,,2020-10-16 04:45:36
羊东矿,0000031D13,8470运料巷配巷掘进面主风机馈电,馈电传感器,负荷侧有电压,,2020-10-16 04:45:36
羊东矿,0000031D15,8470运料巷配巷掘进面副风机馈电,馈电传感器,负荷侧有电压,,2020-10-16 04:45:36
羊东矿,0000031D16,8470运料巷配巷掘进面风向,开停,开,,2020-10-16 04:45:36
羊东矿,0000032A04,42区永久避难硐室后门过渡室CO.,一氧化碳,0.00,ppm,2020-10-16 04:45:36
羊东矿,0000032A05,42区永久避难硐室后门CO,一氧化碳,0.00,ppm,2020-10-16 04:45:36
羊东矿,0000032A06,42区永久避难硐室后门CO2,二氧化碳,0.00,%,2020-10-16 04:45:36
羊东矿,0000032A07,42区永久避难硐室后门甲烷激,甲烷,0.00,%CH4,2020-10-16 04:45:36
羊东矿,0000032A09,42皮带上部进风甲烷激,甲烷,0.02,%CH4,2020-10-16 04:45:36
羊东矿,0000032A10,42区永久避难硐室生存室CO2,二氧化碳,0.01,%,2020-10-16 04:45:36
羊东矿,0000032A13,42回风改造甲烷,甲烷,0.07,%CH4,2020-10-16 04:45:36
羊东矿,0000032A15,42回风改造风速,风速,2.60,m/s,2020-10-16 04:45:36
羊东矿,0000032D12,42皮带上部进风风向,开停,开,,2020-10-16 04:45:36
羊东矿,0000033A05,进风道猴车车房温度,温度,20.40,℃,2020-10-16 04:45:36
羊东矿,0000033A06,副斜车房温度,温度,17.20,℃,2020-10-16 04:45:36
羊东矿,0000033A08,-110治水泵房温度,温度,23.50,℃,2020-10-16 04:45:36
羊东矿,0000033A09,南井正前进风甲烷激,甲烷,0.00,%CH4,2020-10-16 04:45:36
羊东矿,0000033D10,南井正前进风风向,开停,停,,2020-10-16 04:45:36
羊东矿,0000037A05,佐城二号总回风速,风速,4.60,m/s,2020-10-16 04:45:36
羊东矿,0000037A06,佐城二号总回甲烷,甲烷,0.04,%CH4,2020-10-16 04:45:36
羊东矿,0000037A07,42采区回风巷甲烷,甲烷,0.08,%CH4,2020-10-16 04:45:36
羊东矿,0000031A07,8470运料巷配巷掘进面回风风速,风速,1.30,m/s,2020-10-16 04:46:02
羊东矿,0000031A08,8470运料巷配巷掘进面加密甲烷,甲烷,0.01,%CH4,2020-10-16 04:46:02
羊东矿,0000031A09,8470运料巷配巷掘进面甲烷T1,甲烷,0.05,%CH4,2020-10-16 04:46:02
羊东矿,0000031A12,8470运料巷配巷掘进面粉尘,粉尘浓度,0.00,mg/ m3,2020-10-16 04:46:02
羊东矿,0000031A14,8470运料巷配巷掘进面分风口甲烷T4,甲烷,0.00,%CH4,2020-10-16 04:46:02
羊东矿,0000031C01,8470运料巷配巷掘进面动力断电,断电控制器,复电,,2020-10-16 04:46:02
羊东矿,0000031D02,8470运料巷配巷掘进面动力馈电,馈电传感器,负荷侧有电压,,2020-10-16 04:46:02
羊东矿,0000031D03,8470运料巷配巷掘进面副风机,开停,停,,2020-10-16 04:46:02
羊东矿,0000031D04,8470运料巷配巷掘进面主风机,开停,开,,2020-10-16 04:46:02
羊东矿,0000031D10,8470运料巷配巷掘进面风筒,风筒开关传感器,风筒有风,,2020-10-16 04:46:02
羊东矿,0000031D13,8470运料巷配巷掘进面主风机馈电,馈电传感器,负荷侧有电压,,2020-10-16 04:46:02
羊东矿,0000031D15,8470运料巷配巷掘进面副风机馈电,馈电传感器,负荷侧有电压,,2020-10-16 04:46:02
羊东矿,0000031D16,8470运料巷配巷掘进面风向,开停,开,,2020-10-16 04:46:02
羊东矿,0000032A04,42区永久避难硐室后门过渡室CO.,一氧化碳,0.00,ppm,2020-10-16 04:46:02
羊东矿,0000032A05,42区永久避难硐室后门CO,一氧化碳,0.00,ppm,2020-10-16 04:46:02
羊东矿,0000032A06,42区永久避难硐室后门CO2,二氧化碳,0.00,%,2020-10-16 04:46:02
羊东矿,0000032A07,42区永久避难硐室后门甲烷激,甲烷,0.00,%CH4,2020-10-16 04:46:02
羊东矿,0000032A09,42皮带上部进风甲烷激,甲烷,0.02,%CH4,2020-10-16 04:46:02
羊东矿,0000032A10,42区永久避难硐室生存室CO2,二氧化碳,0.01,%,2020-10-16 04:46:02
羊东矿,0000032A13,42回风改造甲烷,甲烷,0.07,%CH4,2020-10-16 04:46:02
羊东矿,0000032A15,42回风改造风速,风速,2.70,m/s,2020-10-16 04:46:02
羊东矿,0000032D12,42皮带上部进风风向,开停,开,,2020-10-16 04:46:02
羊东矿,0000033A05,进风道猴车车房温度,温度,20.40,℃,2020-10-16 04:46:02
羊东矿,0000033A06,副斜车房温度,温度,17.20,℃,2020-10-16 04:46:02
羊东矿,0000033A08,-110治水泵房温度,温度,23.50,℃,2020-10-16 04:46:02
羊东矿,0000033A09,南井正前进风甲烷激,甲烷,0.00,%CH4,2020-10-16 04:46:02
羊东矿,0000033D10,南井正前进风风向,开停,停,,2020-10-16 04:46:02
羊东矿,0000037A05,佐城二号总回风速,风速,4.60,m/s,2020-10-16 04:46:02
羊东矿,0000037A06,佐城二号总回甲烷,甲烷,0.04,%CH4,2020-10-16 04:46:02
羊东矿,0000037A07,42采区回风巷甲烷,甲烷,0.08,%CH4,2020-10-16 04:46:02
羊东矿,0000031A07,8470运料巷配巷掘进面回风风速,风速,1.30,m/s,2020-10-16 04:46:55
羊东矿,0000031A08,8470运料巷配巷掘进面加密甲烷,甲烷,0.00,%CH4,2020-10-16 04:46:55
羊东矿,0000031A09,8470运料巷配巷掘进面甲烷T1,甲烷,0.04,%CH4,2020-10-16 04:46:55
羊东矿,0000031A12,8470运料巷配巷掘进面粉尘,粉尘浓度,0.00,mg/ m3,2020-10-16 04:46:55
羊东矿,0000031A14,8470运料巷配巷掘进面分风口甲烷T4,甲烷,0.01,%CH4,2020-10-16 04:46:55
羊东矿,0000031C01,8470运料巷配巷掘进面动力断电,断电控制器,复电,,2020-10-16 04:46:55
羊东矿,0000031D02,8470运料巷配巷掘进面动力馈电,馈电传感器,负荷侧有电压,,2020-10-16 04:46:55
羊东矿,0000031D03,8470运料巷配巷掘进面副风机,开停,停,,2020-10-16 04:46:55
羊东矿,0000031D04,8470运料巷配巷掘进面主风机,开停,开,,2020-10-16 04:46:55
羊东矿,0000031D10,8470运料巷配巷掘进面风筒,风筒开关传感器,风筒有风,,2020-10-16 04:46:55
羊东矿,0000031D13,8470运料巷配巷掘进面主风机馈电,馈电传感器,负荷侧有电压,,2020-10-16 04:46:55
羊东矿,0000031D15,8470运料巷配巷掘进面副风机馈电,馈电传感器,负荷侧有电压,,2020-10-16 04:46:55
羊东矿,0000031D16,8470运料巷配巷掘进面风向,开停,开,,2020-10-16 04:46:55
羊东矿,0000032A04,42区永久避难硐室后门过渡室CO.,一氧化碳,0.00,ppm,2020-10-16 04:46:55
羊东矿,0000032A05,42区永久避难硐室后门CO,一氧化碳,0.00,ppm,2020-10-16 04:46:55
羊东矿,0000032A06,42区永久避难硐室后门CO2,二氧化碳,0.00,%,2020-10-16 04:46:55
羊东矿,0000032A07,42区永久避难硐室后门甲烷激,甲烷,0.00,%CH4,2020-10-16 04:46:55
羊东矿,0000032A09,42皮带上部进风甲烷激,甲烷,0.02,%CH4,2020-10-16 04:46:55
羊东矿,0000032A10,42区永久避难硐室生存室CO2,二氧化碳,0.01,%,2020-10-16 04:46:55
羊东矿,0000032A13,42回风改造甲烷,甲烷,0.07,%CH4,2020-10-16 04:46:55
羊东矿,0000032A15,42回风改造风速,风速,2.70,m/s,2020-10-16 04:46:55
羊东矿,0000032D12,42皮带上部进风风向,开停,开,,2020-10-16 04:46:55
羊东矿,0000033A05,进风道猴车车房温度,温度,20.40,℃,2020-10-16 04:46:55
羊东矿,0000033A06,副斜车房温度,温度,17.20,℃,2020-10-16 04:46:55
羊东矿,0000033A08,-110治水泵房温度,温度,23.50,℃,2020-10-16 04:46:55
羊东矿,0000033A09,南井正前进风甲烷激,甲烷,0.00,%CH4,2020-10-16 04:46:55
羊东矿,0000033D10,南井正前进风风向,开停,停,,2020-10-16 04:46:55
羊东矿,0000037A05,佐城二号总回风速,风速,4.40,m/s,2020-10-16 04:46:55
羊东矿,0000037A06,佐城二号总回甲烷,甲烷,0.04,%CH4,2020-10-16 04:46:55
羊东矿,0000037A07,42采区回风巷甲烷,甲烷,0.08,%CH4,2020-10-16 04:46:55
羊东矿,0000031A07,8470运料巷配巷掘进面回风风速,风速,1.30,m/s,2020-10-16 04:47:21
羊东矿,0000031A08,8470运料巷配巷掘进面加密甲烷,甲烷,0.00,%CH4,2020-10-16 04:47:21
羊东矿,0000031A09,8470运料巷配巷掘进面甲烷T1,甲烷,0.04,%CH4,2020-10-16 04:47:21
羊东矿,0000031A12,8470运料巷配巷掘进面粉尘,粉尘浓度,0.00,mg/ m3,2020-10-16 04:47:21
羊东矿,0000031A14,8470运料巷配巷掘进面分风口甲烷T4,甲烷,0.01,%CH4,2020-10-16 04:47:21
羊东矿,0000031C01,8470运料巷配巷掘进面动力断电,断电控制器,复电,,2020-10-16 04:47:21
羊东矿,0000031D02,8470运料巷配巷掘进面动力馈电,馈电传感器,负荷侧有电压,,2020-10-16 04:47:21
羊东矿,0000031D03,8470运料巷配巷掘进面副风机,开停,停,,2020-10-16 04:47:21
羊东矿,0000031D04,8470运料巷配巷掘进面主风机,开停,开,,2020-10-16 04:47:21
羊东矿,0000031D10,8470运料巷配巷掘进面风筒,风筒开关传感器,风筒有风,,2020-10-16 04:47:21
羊东矿,0000031D13,8470运料巷配巷掘进面主风机馈电,馈电传感器,负荷侧有电压,,2020-10-16 04:47:21
羊东矿,0000031D15,8470运料巷配巷掘进面副风机馈电,馈电传感器,负荷侧有电压,,2020-10-16 04:47:21
羊东矿,0000031D16,8470运料巷配巷掘进面风向,开停,开,,2020-10-16 04:47:21
羊东矿,0000032A04,42区永久避难硐室后门过渡室CO.,一氧化碳,0.00,ppm,2020-10-16 04:47:21
羊东矿,0000032A05,42区永久避难硐室后门CO,一氧化碳,0.00,ppm,2020-10-16 04:47:21
羊东矿,0000032A06,42区永久避难硐室后门CO2,二氧化碳,0.00,%,2020-10-16 04:47:21
羊东矿,0000032A07,42区永久避难硐室后门甲烷激,甲烷,0.00,%CH4,2020-10-16 04:47:21
羊东矿,0000032A09,42皮带上部进风甲烷激,甲烷,0.02,%CH4,2020-10-16 04:47:21
羊东矿,0000032A10,42区永久避难硐室生存室CO2,二氧化碳,0.01,%,2020-10-16 04:47:21
羊东矿,0000032A13,42回风改造甲烷,甲烷,0.07,%CH4,2020-10-16 04:47:21
羊东矿,0000032A15,42回风改造风速,风速,2.70,m/s,2020-10-16 04:47:21
羊东矿,0000032D12,42皮带上部进风风向,开停,开,,2020-10-16 04:47:21
羊东矿,0000033A05,进风道猴车车房温度,温度,20.40,℃,2020-10-16 04:47:21
羊东矿,0000033A06,副斜车房温度,温度,17.20,℃,2020-10-16 04:47:21
羊东矿,0000033A08,-110治水泵房温度,温度,23.50,℃,2020-10-16 04:47:21
羊东矿,0000033A09,南井正前进风甲烷激,甲烷,0.00,%CH4,2020-10-16 04:47:21
羊东矿,0000033D10,南井正前进风风向,开停,停,,2020-10-16 04:47:21
羊东矿,0000037A05,佐城二号总回风速,风速,4.50,m/s,2020-10-16 04:47:21
羊东矿,0000037A06,佐城二号总回甲烷,甲烷,0.04,%CH4,2020-10-16 04:47:21
羊东矿,0000037A07,42采区回风巷甲烷,甲烷,0.08,%CH4,2020-10-16 04:47:21
羊东矿,0000031A07,8470运料巷配巷掘进面回风风速,风速,1.30,m/s,2020-10-16 04:47:47
羊东矿,0000031A08,8470运料巷配巷掘进面加密甲烷,甲烷,0.00,%CH4,2020-10-16 04:47:47
羊东矿,0000031A09,8470运料巷配巷掘进面甲烷T1,甲烷,0.05,%CH4,2020-10-16 04:47:47
羊东矿,0000031A12,8470运料巷配巷掘进面粉尘,粉尘浓度,0.00,mg/ m3,2020-10-16 04:47:47
羊东矿,0000031A14,8470运料巷配巷掘进面分风口甲烷T4,甲烷,0.01,%CH4,2020-10-16 04:47:47
羊东矿,0000031C01,8470运料巷配巷掘进面动力断电,断电控制器,复电,,2020-10-16 04:47:47
羊东矿,0000031D02,8470运料巷配巷掘进面动力馈电,馈电传感器,负荷侧有电压,,2020-10-16 04:47:47
羊东矿,0000031D03,8470运料巷配巷掘进面副风机,开停,停,,2020-10-16 04:47:47
羊东矿,0000031D04,8470运料巷配巷掘进面主风机,开停,开,,2020-10-16 04:47:47
羊东矿,0000031D10,8470运料巷配巷掘进面风筒,风筒开关传感器,风筒有风,,2020-10-16 04:47:47
羊东矿,0000031D13,8470运料巷配巷掘进面主风机馈电,馈电传感器,负荷侧有电压,,2020-10-16 04:47:47
羊东矿,0000031D15,8470运料巷配巷掘进面副风机馈电,馈电传感器,负荷侧有电压,,2020-10-16 04:47:47
羊东矿,0000031D16,8470运料巷配巷掘进面风向,开停,开,,2020-10-16 04:47:47
羊东矿,0000032A04,42区永久避难硐室后门过渡室CO.,一氧化碳,0.00,ppm,2020-10-16 04:47:47
羊东矿,0000032A05,42区永久避难硐室后门CO,一氧化碳,0.00,ppm,2020-10-16 04:47:47
羊东矿,0000032A06,42区永久避难硐室后门CO2,二氧化碳,0.00,%,2020-10-16 04:47:47
羊东矿,0000032A07,42区永久避难硐室后门甲烷激,甲烷,0.00,%CH4,2020-10-16 04:47:47
羊东矿,0000032A09,42皮带上部进风甲烷激,甲烷,0.02,%CH4,2020-10-16 04:47:47
羊东矿,0000032A10,42区永久避难硐室生存室CO2,二氧化碳,0.01,%,2020-10-16 04:47:47
羊东矿,0000032A13,42回风改造甲烷,甲烷,0.07,%CH4,2020-10-16 04:47:47
羊东矿,0000032A15,42回风改造风速,风速,2.90,m/s,2020-10-16 04:47:47
羊东矿,0000032D12,42皮带上部进风风向,开停,开,,2020-10-16 04:47:47
羊东矿,0000033A05,进风道猴车车房温度,温度,20.40,℃,2020-10-16 04:47:47
羊东矿,0000033A06,副斜车房温度,温度,17.20,℃,2020-10-16 04:47:47
羊东矿,0000033A08,-110治水泵房温度,温度,23.50,℃,2020-10-16 04:47:47
羊东矿,0000033A09,南井正前进风甲烷激,甲烷,0.00,%CH4,2020-10-16 04:47:47
羊东矿,0000033D10,南井正前进风风向,开停,停,,2020-10-16 04:47:47
羊东矿,0000037A05,佐城二号总回风速,风速,4.50,m/s,2020-10-16 04:47:47
羊东矿,0000037A06,佐城二号总回甲烷,甲烷,0.04,%CH4,2020-10-16 04:47:47
羊东矿,0000037A07,42采区回风巷甲烷,甲烷,0.08,%CH4,2020-10-16 04:47:47
羊东矿,0000031A07,8470运料巷配巷掘进面回风风速,风速,1.30,m/s,2020-10-16 04:48:40
羊东矿,0000031A08,8470运料巷配巷掘进面加密甲烷,甲烷,0.00,%CH4,2020-10-16 04:48:40
羊东矿,0000031A09,8470运料巷配巷掘进面甲烷T1,甲烷,0.05,%CH4,2020-10-16 04:48:40
羊东矿,0000031A12,8470运料巷配巷掘进面粉尘,粉尘浓度,0.00,mg/ m3,2020-10-16 04:48:40
羊东矿,0000031A14,8470运料巷配巷掘进面分风口甲烷T4,甲烷,0.01,%CH4,2020-10-16 04:48:40
羊东矿,0000031C01,8470运料巷配巷掘进面动力断电,断电控制器,复电,,2020-10-16 04:48:40
羊东矿,0000031D02,8470运料巷配巷掘进面动力馈电,馈电传感器,负荷侧有电压,,2020-10-16 04:48:40
羊东矿,0000031D03,8470运料巷配巷掘进面副风机,开停,停,,2020-10-16 04:48:40
羊东矿,0000031D04,8470运料巷配巷掘进面主风机,开停,开,,2020-10-16 04:48:40
羊东矿,0000031D10,8470运料巷配巷掘进面风筒,风筒开关传感器,风筒有风,,2020-10-16 04:48:40
羊东矿,0000031D13,8470运料巷配巷掘进面主风机馈电,馈电传感器,负荷侧有电压,,2020-10-16 04:48:40
羊东矿,0000031D15,8470运料巷配巷掘进面副风机馈电,馈电传感器,负荷侧有电压,,2020-10-16 04:48:40
羊东矿,0000031D16,8470运料巷配巷掘进面风向,开停,开,,2020-10-16 04:48:40
羊东矿,0000032A04,42区永久避难硐室后门过渡室CO.,一氧化碳,0.00,ppm,2020-10-16 04:48:40
羊东矿,0000032A05,42区永久避难硐室后门CO,一氧化碳,0.00,ppm,2020-10-16 04:48:40
羊东矿,0000032A06,42区永久避难硐室后门CO2,二氧化碳,0.00,%,2020-10-16 04:48:40
羊东矿,0000032A07,42区永久避难硐室后门甲烷激,甲烷,0.00,%CH4,2020-10-16 04:48:40
羊东矿,0000032A09,42皮带上部进风甲烷激,甲烷,0.02,%CH4,2020-10-16 04:48:40
羊东矿,0000032A10,42区永久避难硐室生存室CO2,二氧化碳,0.01,%,2020-10-16 04:48:40
羊东矿,0000032A13,42回风改造甲烷,甲烷,0.07,%CH4,2020-10-16 04:48:40
羊东矿,0000032A15,42回风改造风速,风速,2.50,m/s,2020-10-16 04:48:40
羊东矿,0000032D12,42皮带上部进风风向,开停,开,,2020-10-16 04:48:40
羊东矿,0000033A05,进风道猴车车房温度,温度,20.40,℃,2020-10-16 04:48:40
羊东矿,0000033A06,副斜车房温度,温度,17.20,℃,2020-10-16 04:48:40
羊东矿,0000033A08,-110治水泵房温度,温度,23.50,℃,2020-10-16 04:48:40
羊东矿,0000033A09,南井正前进风甲烷激,甲烷,0.00,%CH4,2020-10-16 04:48:40
羊东矿,0000033D10,南井正前进风风向,开停,停,,2020-10-16 04:48:40
羊东矿,0000037A05,佐城二号总回风速,风速,4.60,m/s,2020-10-16 04:48:40
羊东矿,0000037A06,佐城二号总回甲烷,甲烷,0.04,%CH4,2020-10-16 04:48:40
羊东矿,0000037A07,42采区回风巷甲烷,甲烷,0.09,%CH4,2020-10-16 04:48:40
羊东矿,0000031A07,8470运料巷配巷掘进面回风风速,风速,1.30,m/s,2020-10-16 04:48:40
羊东矿,0000031A08,8470运料巷配巷掘进面加密甲烷,甲烷,0.00,%CH4,2020-10-16 04:48:40
羊东矿,0000031A09,8470运料巷配巷掘进面甲烷T1,甲烷,0.05,%CH4,2020-10-16 04:48:40
羊东矿,0000031A12,8470运料巷配巷掘进面粉尘,粉尘浓度,0.00,mg/ m3,2020-10-16 04:48:40
羊东矿,0000031A14,8470运料巷配巷掘进面分风口甲烷T4,甲烷,0.01,%CH4,2020-10-16 04:48:40
羊东矿,0000031C01,8470运料巷配巷掘进面动力断电,断电控制器,复电,,2020-10-16 04:48:40
羊东矿,0000031D02,8470运料巷配巷掘进面动力馈电,馈电传感器,负荷侧有电压,,2020-10-16 04:48:40
羊东矿,0000031D03,8470运料巷配巷掘进面副风机,开停,停,,2020-10-16 04:48:40
羊东矿,0000031D04,8470运料巷配巷掘进面主风机,开停,开,,2020-10-16 04:48:40
羊东矿,0000031D10,8470运料巷配巷掘进面风筒,风筒开关传感器,风筒有风,,2020-10-16 04:48:40
羊东矿,0000031D13,8470运料巷配巷掘进面主风机馈电,馈电传感器,负荷侧有电压,,2020-10-16 04:48:40
羊东矿,0000031D15,8470运料巷配巷掘进面副风机馈电,馈电传感器,负荷侧有电压,,2020-10-16 04:48:40
羊东矿,0000031D16,8470运料巷配巷掘进面风向,开停,开,,2020-10-16 04:48:40
羊东矿,0000032A04,42区永久避难硐室后门过渡室CO.,一氧化碳,0.00,ppm,2020-10-16 04:48:40
羊东矿,0000032A05,42区永久避难硐室后门CO,一氧化碳,0.00,ppm,2020-10-16 04:48:40
羊东矿,0000032A06,42区永久避难硐室后门CO2,二氧化碳,0.00,%,2020-10-16 04:48:40
羊东矿,0000032A07,42区永久避难硐室后门甲烷激,甲烷,0.00,%CH4,2020-10-16 04:48:40
羊东矿,0000032A09,42皮带上部进风甲烷激,甲烷,0.02,%CH4,2020-10-16 04:48:40
羊东矿,0000032A10,42区永久避难硐室生存室CO2,二氧化碳,0.01,%,2020-10-16 04:48:40
羊东矿,0000032A13,42回风改造甲烷,甲烷,0.07,%CH4,2020-10-16 04:48:40
羊东矿,0000032A15,42回风改造风速,风速,2.50,m/s,2020-10-16 04:48:40
羊东矿,0000032D12,42皮带上部进风风向,开停,开,,2020-10-16 04:48:40
羊东矿,0000033A05,进风道猴车车房温度,温度,20.40,℃,2020-10-16 04:48:40
羊东矿,0000033A06,副斜车房温度,温度,17.20,℃,2020-10-16 04:48:40
羊东矿,0000033A08,-110治水泵房温度,温度,23.50,℃,2020-10-16 04:48:40
羊东矿,0000033A09,南井正前进风甲烷激,甲烷,0.00,%CH4,2020-10-16 04:48:40
羊东矿,0000033D10,南井正前进风风向,开停,停,,2020-10-16 04:48:40
羊东矿,0000037A05,佐城二号总回风速,风速,4.60,m/s,2020-10-16 04:48:40
羊东矿,0000037A06,佐城二号总回甲烷,甲烷,0.04,%CH4,2020-10-16 04:48:40
羊东矿,0000037A07,42采区回风巷甲烷,甲烷,0.09,%CH4,2020-10-16 04:48:40
羊东矿,0000031A07,8470运料巷配巷掘进面回风风速,风速,1.30,m/s,2020-10-16 04:49:06
羊东矿,0000031A08,8470运料巷配巷掘进面加密甲烷,甲烷,0.00,%CH4,2020-10-16 04:49:06
羊东矿,0000031A09,8470运料巷配巷掘进面甲烷T1,甲烷,0.05,%CH4,2020-10-16 04:49:06
羊东矿,0000031A12,8470运料巷配巷掘进面粉尘,粉尘浓度,0.00,mg/ m3,2020-10-16 04:49:06
羊东矿,0000031A14,8470运料巷配巷掘进面分风口甲烷T4,甲烷,0.00,%CH4,2020-10-16 04:49:06
羊东矿,0000031C01,8470运料巷配巷掘进面动力断电,断电控制器,复电,,2020-10-16 04:49:06
羊东矿,0000031D02,8470运料巷配巷掘进面动力馈电,馈电传感器,负荷侧有电压,,2020-10-16 04:49:06
羊东矿,0000031D03,8470运料巷配巷掘进面副风机,开停,停,,2020-10-16 04:49:06
羊东矿,0000031D04,8470运料巷配巷掘进面主风机,开停,开,,2020-10-16 04:49:06
羊东矿,0000031D10,8470运料巷配巷掘进面风筒,风筒开关传感器,风筒有风,,2020-10-16 04:49:06
羊东矿,0000031D13,8470运料巷配巷掘进面主风机馈电,馈电传感器,负荷侧有电压,,2020-10-16 04:49:06
羊东矿,0000031D15,8470运料巷配巷掘进面副风机馈电,馈电传感器,负荷侧有电压,,2020-10-16 04:49:06
羊东矿,0000031D16,8470运料巷配巷掘进面风向,开停,开,,2020-10-16 04:49:06
羊东矿,0000032A04,42区永久避难硐室后门过渡室CO.,一氧化碳,0.00,ppm,2020-10-16 04:49:06
羊东矿,0000032A05,42区永久避难硐室后门CO,一氧化碳,0.00,ppm,2020-10-16 04:49:06
羊东矿,0000032A06,42区永久避难硐室后门CO2,二氧化碳,0.00,%,2020-10-16 04:49:06
羊东矿,0000032A07,42区永久避难硐室后门甲烷激,甲烷,0.00,%CH4,2020-10-16 04:49:06
羊东矿,0000032A09,42皮带上部进风甲烷激,甲烷,0.02,%CH4,2020-10-16 04:49:06
羊东矿,0000032A10,42区永久避难硐室生存室CO2,二氧化碳,0.01,%,2020-10-16 04:49:06
羊东矿,0000032A13,42回风改造甲烷,甲烷,0.07,%CH4,2020-10-16 04:49:06
羊东矿,0000032A15,42回风改造风速,风速,2.50,m/s,2020-10-16 04:49:06
羊东矿,0000032D12,42皮带上部进风风向,开停,开,,2020-10-16 04:49:06
羊东矿,0000033A05,进风道猴车车房温度,温度,20.40,℃,2020-10-16 04:49:06
羊东矿,0000033A06,副斜车房温度,温度,17.20,℃,2020-10-16 04:49:06
羊东矿,0000033A08,-110治水泵房温度,温度,23.50,℃,2020-10-16 04:49:06
羊东矿,0000033A09,南井正前进风甲烷激,甲烷,0.00,%CH4,2020-10-16 04:49:06
羊东矿,0000033D10,南井正前进风风向,开停,停,,2020-10-16 04:49:06
羊东矿,0000037A05,佐城二号总回风速,风速,4.50,m/s,2020-10-16 04:49:06
羊东矿,0000037A06,佐城二号总回甲烷,甲烷,0.04,%CH4,2020-10-16 04:49:06
羊东矿,0000037A07,42采区回风巷甲烷,甲烷,0.09,%CH4,2020-10-16 04:49:06
羊东矿,0000031A07,8470运料巷配巷掘进面回风风速,风速,1.30,m/s,2020-10-16 04:49:32
羊东矿,0000031A08,8470运料巷配巷掘进面加密甲烷,甲烷,0.01,%CH4,2020-10-16 04:49:32
羊东矿,0000031A09,8470运料巷配巷掘进面甲烷T1,甲烷,0.04,%CH4,2020-10-16 04:49:32
羊东矿,0000031A12,8470运料巷配巷掘进面粉尘,粉尘浓度,0.00,mg/ m3,2020-10-16 04:49:32
羊东矿,0000031A14,8470运料巷配巷掘进面分风口甲烷T4,甲烷,0.01,%CH4,2020-10-16 04:49:32
羊东矿,0000031C01,8470运料巷配巷掘进面动力断电,断电控制器,复电,,2020-10-16 04:49:32
羊东矿,0000031D02,8470运料巷配巷掘进面动力馈电,馈电传感器,负荷侧有电压,,2020-10-16 04:49:32
羊东矿,0000031D03,8470运料巷配巷掘进面副风机,开停,停,,2020-10-16 04:49:32
羊东矿,0000031D04,8470运料巷配巷掘进面主风机,开停,开,,2020-10-16 04:49:32
羊东矿,0000031D10,8470运料巷配巷掘进面风筒,风筒开关传感器,风筒有风,,2020-10-16 04:49:32
羊东矿,0000031D13,8470运料巷配巷掘进面主风机馈电,馈电传感器,负荷侧有电压,,2020-10-16 04:49:32
羊东矿,0000031D15,8470运料巷配巷掘进面副风机馈电,馈电传感器,负荷侧有电压,,2020-10-16 04:49:32
羊东矿,0000031D16,8470运料巷配巷掘进面风向,开停,开,,2020-10-16 04:49:32
羊东矿,0000032A04,42区永久避难硐室后门过渡室CO.,一氧化碳,0.00,ppm,2020-10-16 04:49:32
羊东矿,0000032A05,42区永久避难硐室后门CO,一氧化碳,0.00,ppm,2020-10-16 04:49:32
羊东矿,0000032A06,42区永久避难硐室后门CO2,二氧化碳,0.00,%,2020-10-16 04:49:32
羊东矿,0000032A07,42区永久避难硐室后门甲烷激,甲烷,0.00,%CH4,2020-10-16 04:49:32
羊东矿,0000032A09,42皮带上部进风甲烷激,甲烷,0.03,%CH4,2020-10-16 04:49:32
羊东矿,0000032A10,42区永久避难硐室生存室CO2,二氧化碳,0.01,%,2020-10-16 04:49:32
羊东矿,0000032A13,42回风改造甲烷,甲烷,0.07,%CH4,2020-10-16 04:49:32
羊东矿,0000032A15,42回风改造风速,风速,2.70,m/s,2020-10-16 04:49:32
羊东矿,0000032D12,42皮带上部进风风向,开停,开,,2020-10-16 04:49:32
羊东矿,0000033A05,进风道猴车车房温度,温度,20.40,℃,2020-10-16 04:49:32
羊东矿,0000033A06,副斜车房温度,温度,17.20,℃,2020-10-16 04:49:32
羊东矿,0000033A08,-110治水泵房温度,温度,23.50,℃,2020-10-16 04:49:32
羊东矿,0000033A09,南井正前进风甲烷激,甲烷,0.00,%CH4,2020-10-16 04:49:32
羊东矿,0000033D10,南井正前进风风向,开停,停,,2020-10-16 04:49:32
羊东矿,0000037A05,佐城二号总回风速,风速,4.50,m/s,2020-10-16 04:49:32
羊东矿,0000037A06,佐城二号总回甲烷,甲烷,0.04,%CH4,2020-10-16 04:49:32
羊东矿,0000037A07,42采区回风巷甲烷,甲烷,0.09,%CH4,2020-10-16 04:49:32
羊东矿,0000031A07,8470运料巷配巷掘进面回风风速,风速,1.20,m/s,2020-10-16 04:50:25
羊东矿,0000031A08,8470运料巷配巷掘进面加密甲烷,甲烷,0.00,%CH4,2020-10-16 04:50:25
羊东矿,0000031A09,8470运料巷配巷掘进面甲烷T1,甲烷,0.05,%CH4,2020-10-16 04:50:25
羊东矿,0000031A12,8470运料巷配巷掘进面粉尘,粉尘浓度,0.00,mg/ m3,2020-10-16 04:50:25
羊东矿,0000031A14,8470运料巷配巷掘进面分风口甲烷T4,甲烷,0.01,%CH4,2020-10-16 04:50:25
羊东矿,0000031C01,8470运料巷配巷掘进面动力断电,断电控制器,复电,,2020-10-16 04:50:25
羊东矿,0000031D02,8470运料巷配巷掘进面动力馈电,馈电传感器,负荷侧有电压,,2020-10-16 04:50:25
羊东矿,0000031D03,8470运料巷配巷掘进面副风机,开停,停,,2020-10-16 04:50:25
羊东矿,0000031D04,8470运料巷配巷掘进面主风机,开停,开,,2020-10-16 04:50:25
羊东矿,0000031D10,8470运料巷配巷掘进面风筒,风筒开关传感器,风筒有风,,2020-10-16 04:50:25
羊东矿,0000031D13,8470运料巷配巷掘进面主风机馈电,馈电传感器,负荷侧有电压,,2020-10-16 04:50:25
羊东矿,0000031D15,8470运料巷配巷掘进面副风机馈电,馈电传感器,负荷侧有电压,,2020-10-16 04:50:25
羊东矿,0000031D16,8470运料巷配巷掘进面风向,开停,开,,2020-10-16 04:50:25
羊东矿,0000032A04,42区永久避难硐室后门过渡室CO.,一氧化碳,0.00,ppm,2020-10-16 04:50:25
羊东矿,0000032A05,42区永久避难硐室后门CO,一氧化碳,0.00,ppm,2020-10-16 04:50:25
羊东矿,0000032A06,42区永久避难硐室后门CO2,二氧化碳,0.00,%,2020-10-16 04:50:25
羊东矿,0000032A07,42区永久避难硐室后门甲烷激,甲烷,0.00,%CH4,2020-10-16 04:50:25
羊东矿,0000032A09,42皮带上部进风甲烷激,甲烷,0.02,%CH4,2020-10-16 04:50:25
羊东矿,0000032A10,42区永久避难硐室生存室CO2,二氧化碳,0.01,%,2020-10-16 04:50:25
羊东矿,0000032A13,42回风改造甲烷,甲烷,0.07,%CH4,2020-10-16 04:50:25
羊东矿,0000032A15,42回风改造风速,风速,2.60,m/s,2020-10-16 04:50:25
羊东矿,0000032D12,42皮带上部进风风向,开停,开,,2020-10-16 04:50:25
羊东矿,0000033A05,进风道猴车车房温度,温度,20.40,℃,2020-10-16 04:50:25
羊东矿,0000033A06,副斜车房温度,温度,17.20,℃,2020-10-16 04:50:25
羊东矿,0000033A08,-110治水泵房温度,温度,23.50,℃,2020-10-16 04:50:25
羊东矿,0000033A09,南井正前进风甲烷激,甲烷,0.00,%CH4,2020-10-16 04:50:25
羊东矿,0000033D10,南井正前进风风向,开停,停,,2020-10-16 04:50:25
羊东矿,0000037A05,佐城二号总回风速,风速,4.50,m/s,2020-10-16 04:50:25
羊东矿,0000037A06,佐城二号总回甲烷,甲烷,0.05,%CH4,2020-10-16 04:50:25
羊东矿,0000037A07,42采区回风巷甲烷,甲烷,0.10,%CH4,2020-10-16 04:50:25
羊东矿,0000031A07,8470运料巷配巷掘进面回风风速,风速,1.30,m/s,2020-10-16 04:50:52
羊东矿,0000031A08,8470运料巷配巷掘进面加密甲烷,甲烷,0.00,%CH4,2020-10-16 04:50:52
羊东矿,0000031A09,8470运料巷配巷掘进面甲烷T1,甲烷,0.05,%CH4,2020-10-16 04:50:52
羊东矿,0000031A12,8470运料巷配巷掘进面粉尘,粉尘浓度,0.00,mg/ m3,2020-10-16 04:50:52
羊东矿,0000031A14,8470运料巷配巷掘进面分风口甲烷T4,甲烷,0.01,%CH4,2020-10-16 04:50:52
羊东矿,0000031C01,8470运料巷配巷掘进面动力断电,断电控制器,复电,,2020-10-16 04:50:52
羊东矿,0000031D02,8470运料巷配巷掘进面动力馈电,馈电传感器,负荷侧有电压,,2020-10-16 04:50:52
羊东矿,0000031D03,8470运料巷配巷掘进面副风机,开停,停,,2020-10-16 04:50:52
羊东矿,0000031D04,8470运料巷配巷掘进面主风机,开停,开,,2020-10-16 04:50:52
羊东矿,0000031D10,8470运料巷配巷掘进面风筒,风筒开关传感器,风筒有风,,2020-10-16 04:50:52
羊东矿,0000031D13,8470运料巷配巷掘进面主风机馈电,馈电传感器,负荷侧有电压,,2020-10-16 04:50:52
羊东矿,0000031D15,8470运料巷配巷掘进面副风机馈电,馈电传感器,负荷侧有电压,,2020-10-16 04:50:52
羊东矿,0000031D16,8470运料巷配巷掘进面风向,开停,开,,2020-10-16 04:50:52
羊东矿,0000032A04,42区永久避难硐室后门过渡室CO.,一氧化碳,0.00,ppm,2020-10-16 04:50:52
羊东矿,0000032A05,42区永久避难硐室后门CO,一氧化碳,0.00,ppm,2020-10-16 04:50:52
羊东矿,0000032A06,42区永久避难硐室后门CO2,二氧化碳,0.00,%,2020-10-16 04:50:52
羊东矿,0000032A07,42区永久避难硐室后门甲烷激,甲烷,0.00,%CH4,2020-10-16 04:50:52
羊东矿,0000032A09,42皮带上部进风甲烷激,甲烷,0.03,%CH4,2020-10-16 04:50:52
羊东矿,0000032A10,42区永久避难硐室生存室CO2,二氧化碳,0.01,%,2020-10-16 04:50:52
羊东矿,0000032A13,42回风改造甲烷,甲烷,0.07,%CH4,2020-10-16 04:50:52
羊东矿,0000032A15,42回风改造风速,风速,2.70,m/s,2020-10-16 04:50:52
羊东矿,0000032D12,42皮带上部进风风向,开停,开,,2020-10-16 04:50:52
羊东矿,0000033A05,进风道猴车车房温度,温度,20.40,℃,2020-10-16 04:50:52
羊东矿,0000033A06,副斜车房温度,温度,17.20,℃,2020-10-16 04:50:52
羊东矿,0000033A08,-110治水泵房温度,温度,23.50,℃,2020-10-16 04:50:52
羊东矿,0000033A09,南井正前进风甲烷激,甲烷,0.00,%CH4,2020-10-16 04:50:52
羊东矿,0000033D10,南井正前进风风向,开停,停,,2020-10-16 04:50:52
羊东矿,0000037A05,佐城二号总回风速,风速,4.50,m/s,2020-10-16 04:50:52
羊东矿,0000037A06,佐城二号总回甲烷,甲烷,0.05,%CH4,2020-10-16 04:50:52
羊东矿,0000037A07,42采区回风巷甲烷,甲烷,0.10,%CH4,2020-10-16 04:50:52
羊东矿,0000031A07,8470运料巷配巷掘进面回风风速,风速,1.30,m/s,2020-10-16 04:51:44
羊东矿,0000031A08,8470运料巷配巷掘进面加密甲烷,甲烷,0.00,%CH4,2020-10-16 04:51:44
羊东矿,0000031A09,8470运料巷配巷掘进面甲烷T1,甲烷,0.04,%CH4,2020-10-16 04:51:44
羊东矿,0000031A12,8470运料巷配巷掘进面粉尘,粉尘浓度,0.00,mg/ m3,2020-10-16 04:51:44
羊东矿,0000031A14,8470运料巷配巷掘进面分风口甲烷T4,甲烷,0.01,%CH4,2020-10-16 04:51:44
羊东矿,0000031C01,8470运料巷配巷掘进面动力断电,断电控制器,复电,,2020-10-16 04:51:44
羊东矿,0000031D02,8470运料巷配巷掘进面动力馈电,馈电传感器,负荷侧有电压,,2020-10-16 04:51:44
羊东矿,0000031D03,8470运料巷配巷掘进面副风机,开停,停,,2020-10-16 04:51:44
羊东矿,0000031D04,8470运料巷配巷掘进面主风机,开停,开,,2020-10-16 04:51:44
羊东矿,0000031D10,8470运料巷配巷掘进面风筒,风筒开关传感器,风筒有风,,2020-10-16 04:51:44
羊东矿,0000031D13,8470运料巷配巷掘进面主风机馈电,馈电传感器,负荷侧有电压,,2020-10-16 04:51:44
羊东矿,0000031D15,8470运料巷配巷掘进面副风机馈电,馈电传感器,负荷侧有电压,,2020-10-16 04:51:44
羊东矿,0000031D16,8470运料巷配巷掘进面风向,开停,开,,2020-10-16 04:51:44
羊东矿,0000032A04,42区永久避难硐室后门过渡室CO.,一氧化碳,0.00,ppm,2020-10-16 04:51:44
羊东矿,0000032A05,42区永久避难硐室后门CO,一氧化碳,0.00,ppm,2020-10-16 04:51:44
羊东矿,0000032A06,42区永久避难硐室后门CO2,二氧化碳,0.00,%,2020-10-16 04:51:44
羊东矿,0000032A07,42区永久避难硐室后门甲烷激,甲烷,0.00,%CH4,2020-10-16 04:51:44
羊东矿,0000032A09,42皮带上部进风甲烷激,甲烷,0.03,%CH4,2020-10-16 04:51:44
羊东矿,0000032A10,42区永久避难硐室生存室CO2,二氧化碳,0.01,%,2020-10-16 04:51:44
羊东矿,0000032A13,42回风改造甲烷,甲烷,0.07,%CH4,2020-10-16 04:51:44
羊东矿,0000032A15,42回风改造风速,风速,2.70,m/s,2020-10-16 04:51:44
羊东矿,0000032D12,42皮带上部进风风向,开停,开,,2020-10-16 04:51:44
羊东矿,0000033A05,进风道猴车车房温度,温度,20.40,℃,2020-10-16 04:51:44
羊东矿,0000033A06,副斜车房温度,温度,17.20,℃,2020-10-16 04:51:44
羊东矿,0000033A08,-110治水泵房温度,温度,23.50,℃,2020-10-16 04:51:44
羊东矿,0000033A09,南井正前进风甲烷激,甲烷,0.00,%CH4,2020-10-16 04:51:44
羊东矿,0000033D10,南井正前进风风向,开停,停,,2020-10-16 04:51:44
羊东矿,0000037A05,佐城二号总回风速,风速,4.40,m/s,2020-10-16 04:51:44
羊东矿,0000037A06,佐城二号总回甲烷,甲烷,0.05,%CH4,2020-10-16 04:51:44
羊东矿,0000037A07,42采区回风巷甲烷,甲烷,0.10,%CH4,2020-10-16 04:51:44
羊东矿,0000031A07,8470运料巷配巷掘进面回风风速,风速,1.30,m/s,2020-10-16 04:52:11
羊东矿,0000031A08,8470运料巷配巷掘进面加密甲烷,甲烷,0.00,%CH4,2020-10-16 04:52:11
羊东矿,0000031A09,8470运料巷配巷掘进面甲烷T1,甲烷,0.05,%CH4,2020-10-16 04:52:11
羊东矿,0000031A12,8470运料巷配巷掘进面粉尘,粉尘浓度,0.00,mg/ m3,2020-10-16 04:52:11
羊东矿,0000031A14,8470运料巷配巷掘进面分风口甲烷T4,甲烷,0.00,%CH4,2020-10-16 04:52:11
羊东矿,0000031C01,8470运料巷配巷掘进面动力断电,断电控制器,复电,,2020-10-16 04:52:11
羊东矿,0000031D02,8470运料巷配巷掘进面动力馈电,馈电传感器,负荷侧有电压,,2020-10-16 04:52:11
羊东矿,0000031D03,8470运料巷配巷掘进面副风机,开停,停,,2020-10-16 04:52:11
羊东矿,0000031D04,8470运料巷配巷掘进面主风机,开停,开,,2020-10-16 04:52:11
羊东矿,0000031D10,8470运料巷配巷掘进面风筒,风筒开关传感器,风筒有风,,2020-10-16 04:52:11
羊东矿,0000031D13,8470运料巷配巷掘进面主风机馈电,馈电传感器,负荷侧有电压,,2020-10-16 04:52:11
羊东矿,0000031D15,8470运料巷配巷掘进面副风机馈电,馈电传感器,负荷侧有电压,,2020-10-16 04:52:11
羊东矿,0000031D16,8470运料巷配巷掘进面风向,开停,开,,2020-10-16 04:52:11
羊东矿,0000032A04,42区永久避难硐室后门过渡室CO.,一氧化碳,0.00,ppm,2020-10-16 04:52:11
羊东矿,0000032A05,42区永久避难硐室后门CO,一氧化碳,0.00,ppm,2020-10-16 04:52:11
羊东矿,0000032A06,42区永久避难硐室后门CO2,二氧化碳,0.00,%,2020-10-16 04:52:11
羊东矿,0000032A07,42区永久避难硐室后门甲烷激,甲烷,0.00,%CH4,2020-10-16 04:52:11
羊东矿,0000032A09,42皮带上部进风甲烷激,甲烷,0.01,%CH4,2020-10-16 04:52:11
羊东矿,0000032A10,42区永久避难硐室生存室CO2,二氧化碳,0.01,%,2020-10-16 04:52:11
羊东矿,0000032A13,42回风改造甲烷,甲烷,0.07,%CH4,2020-10-16 04:52:11
羊东矿,0000032A15,42回风改造风速,风速,2.40,m/s,2020-10-16 04:52:11
羊东矿,0000032D12,42皮带上部进风风向,开停,开,,2020-10-16 04:52:11
羊东矿,0000033A05,进风道猴车车房温度,温度,20.40,℃,2020-10-16 04:52:11
羊东矿,0000033A06,副斜车房温度,温度,17.20,℃,2020-10-16 04:52:11
羊东矿,0000033A08,-110治水泵房温度,温度,23.60,℃,2020-10-16 04:52:11
羊东矿,0000033A09,南井正前进风甲烷激,甲烷,0.00,%CH4,2020-10-16 04:52:11
羊东矿,0000033D10,南井正前进风风向,开停,停,,2020-10-16 04:52:11
羊东矿,0000037A05,佐城二号总回风速,风速,4.50,m/s,2020-10-16 04:52:11
羊东矿,0000037A06,佐城二号总回甲烷,甲烷,0.05,%CH4,2020-10-16 04:52:11
羊东矿,0000037A07,42采区回风巷甲烷,甲烷,0.10,%CH4,2020-10-16 04:52:11
羊东矿,0000031A07,8470运料巷配巷掘进面回风风速,风速,1.30,m/s,2020-10-16 04:52:37
羊东矿,0000031A08,8470运料巷配巷掘进面加密甲烷,甲烷,0.00,%CH4,2020-10-16 04:52:37
羊东矿,0000031A09,8470运料巷配巷掘进面甲烷T1,甲烷,0.05,%CH4,2020-10-16 04:52:37
羊东矿,0000031A12,8470运料巷配巷掘进面粉尘,粉尘浓度,0.00,mg/ m3,2020-10-16 04:52:37
羊东矿,0000031A14,8470运料巷配巷掘进面分风口甲烷T4,甲烷,0.00,%CH4,2020-10-16 04:52:37
羊东矿,0000031C01,8470运料巷配巷掘进面动力断电,断电控制器,复电,,2020-10-16 04:52:37
羊东矿,0000031D02,8470运料巷配巷掘进面动力馈电,馈电传感器,负荷侧有电压,,2020-10-16 04:52:37
羊东矿,0000031D03,8470运料巷配巷掘进面副风机,开停,停,,2020-10-16 04:52:37
羊东矿,0000031D04,8470运料巷配巷掘进面主风机,开停,开,,2020-10-16 04:52:37
羊东矿,0000031D10,8470运料巷配巷掘进面风筒,风筒开关传感器,风筒有风,,2020-10-16 04:52:37
羊东矿,0000031D13,8470运料巷配巷掘进面主风机馈电,馈电传感器,负荷侧有电压,,2020-10-16 04:52:37
羊东矿,0000031D15,8470运料巷配巷掘进面副风机馈电,馈电传感器,负荷侧有电压,,2020-10-16 04:52:37
羊东矿,0000031D16,8470运料巷配巷掘进面风向,开停,开,,2020-10-16 04:52:37
羊东矿,0000032A04,42区永久避难硐室后门过渡室CO.,一氧化碳,0.00,ppm,2020-10-16 04:52:37
羊东矿,0000032A05,42区永久避难硐室后门CO,一氧化碳,0.00,ppm,2020-10-16 04:52:37
羊东矿,0000032A06,42区永久避难硐室后门CO2,二氧化碳,0.00,%,2020-10-16 04:52:37
羊东矿,0000032A07,42区永久避难硐室后门甲烷激,甲烷,0.00,%CH4,2020-10-16 04:52:37
羊东矿,0000032A09,42皮带上部进风甲烷激,甲烷,0.03,%CH4,2020-10-16 04:52:37
羊东矿,0000032A10,42区永久避难硐室生存室CO2,二氧化碳,0.01,%,2020-10-16 04:52:37
羊东矿,0000032A13,42回风改造甲烷,甲烷,0.08,%CH4,2020-10-16 04:52:37
羊东矿,0000032A15,42回风改造风速,风速,2.60,m/s,2020-10-16 04:52:37
羊东矿,0000032D12,42皮带上部进风风向,开停,开,,2020-10-16 04:52:37
羊东矿,0000033A05,进风道猴车车房温度,温度,20.40,℃,2020-10-16 04:52:37
羊东矿,0000033A06,副斜车房温度,温度,17.20,℃,2020-10-16 04:52:37
羊东矿,0000033A08,-110治水泵房温度,温度,23.60,℃,2020-10-16 04:52:37
羊东矿,0000033A09,南井正前进风甲烷激,甲烷,0.00,%CH4,2020-10-16 04:52:37
羊东矿,0000033D10,南井正前进风风向,开停,停,,2020-10-16 04:52:37
羊东矿,0000037A05,佐城二号总回风速,风速,4.50,m/s,2020-10-16 04:52:37
羊东矿,0000037A06,佐城二号总回甲烷,甲烷,0.05,%CH4,2020-10-16 04:52:37
羊东矿,0000037A07,42采区回风巷甲烷,甲烷,0.10,%CH4,2020-10-16 04:52:37
羊东矿,0000031A07,8470运料巷配巷掘进面回风风速,风速,1.30,m/s,2020-10-16 04:52:37
羊东矿,0000031A08,8470运料巷配巷掘进面加密甲烷,甲烷,0.00,%CH4,2020-10-16 04:52:37
羊东矿,0000031A09,8470运料巷配巷掘进面甲烷T1,甲烷,0.05,%CH4,2020-10-16 04:52:37
羊东矿,0000031A12,8470运料巷配巷掘进面粉尘,粉尘浓度,0.00,mg/ m3,2020-10-16 04:52:37
羊东矿,0000031A14,8470运料巷配巷掘进面分风口甲烷T4,甲烷,0.00,%CH4,2020-10-16 04:52:37
羊东矿,0000031C01,8470运料巷配巷掘进面动力断电,断电控制器,复电,,2020-10-16 04:52:37
羊东矿,0000031D02,8470运料巷配巷掘进面动力馈电,馈电传感器,负荷侧有电压,,2020-10-16 04:52:37
羊东矿,0000031D03,8470运料巷配巷掘进面副风机,开停,停,,2020-10-16 04:52:37
羊东矿,0000031D04,8470运料巷配巷掘进面主风机,开停,开,,2020-10-16 04:52:37
羊东矿,0000031D10,8470运料巷配巷掘进面风筒,风筒开关传感器,风筒有风,,2020-10-16 04:52:37
羊东矿,0000031D13,8470运料巷配巷掘进面主风机馈电,馈电传感器,负荷侧有电压,,2020-10-16 04:52:37
羊东矿,0000031D15,8470运料巷配巷掘进面副风机馈电,馈电传感器,负荷侧有电压,,2020-10-16 04:52:37
羊东矿,0000031D16,8470运料巷配巷掘进面风向,开停,开,,2020-10-16 04:52:37
羊东矿,0000032A04,42区永久避难硐室后门过渡室CO.,一氧化碳,0.00,ppm,2020-10-16 04:52:37
羊东矿,0000032A05,42区永久避难硐室后门CO,一氧化碳,0.00,ppm,2020-10-16 04:52:37
羊东矿,0000032A06,42区永久避难硐室后门CO2,二氧化碳,0.00,%,2020-10-16 04:52:37
羊东矿,0000032A07,42区永久避难硐室后门甲烷激,甲烷,0.00,%CH4,2020-10-16 04:52:37
羊东矿,0000032A09,42皮带上部进风甲烷激,甲烷,0.03,%CH4,2020-10-16 04:52:37
羊东矿,0000032A10,42区永久避难硐室生存室CO2,二氧化碳,0.01,%,2020-10-16 04:52:37
羊东矿,0000032A13,42回风改造甲烷,甲烷,0.08,%CH4,2020-10-16 04:52:37
羊东矿,0000032A15,42回风改造风速,风速,2.60,m/s,2020-10-16 04:52:37
羊东矿,0000032D12,42皮带上部进风风向,开停,开,,2020-10-16 04:52:37
羊东矿,0000033A05,进风道猴车车房温度,温度,20.40,℃,2020-10-16 04:52:37
羊东矿,0000033A06,副斜车房温度,温度,17.20,℃,2020-10-16 04:52:37
羊东矿,0000033A08,-110治水泵房温度,温度,23.60,℃,2020-10-16 04:52:37
羊东矿,0000033A09,南井正前进风甲烷激,甲烷,0.00,%CH4,2020-10-16 04:52:37
羊东矿,0000033D10,南井正前进风风向,开停,停,,2020-10-16 04:52:37
羊东矿,0000037A05,佐城二号总回风速,风速,4.50,m/s,2020-10-16 04:52:37
羊东矿,0000037A06,佐城二号总回甲烷,甲烷,0.05,%CH4,2020-10-16 04:52:37
羊东矿,0000037A07,42采区回风巷甲烷,甲烷,0.10,%CH4,2020-10-16 04:52:37
羊东矿,0000031A07,8470运料巷配巷掘进面回风风速,风速,1.30,m/s,2020-10-16 04:53:29
羊东矿,0000031A08,8470运料巷配巷掘进面加密甲烷,甲烷,0.00,%CH4,2020-10-16 04:53:29
羊东矿,0000031A09,8470运料巷配巷掘进面甲烷T1,甲烷,0.05,%CH4,2020-10-16 04:53:29
羊东矿,0000031A12,8470运料巷配巷掘进面粉尘,粉尘浓度,0.00,mg/ m3,2020-10-16 04:53:29
羊东矿,0000031A14,8470运料巷配巷掘进面分风口甲烷T4,甲烷,0.01,%CH4,2020-10-16 04:53:29
羊东矿,0000031C01,8470运料巷配巷掘进面动力断电,断电控制器,复电,,2020-10-16 04:53:29
羊东矿,0000031D02,8470运料巷配巷掘进面动力馈电,馈电传感器,负荷侧有电压,,2020-10-16 04:53:29
羊东矿,0000031D03,8470运料巷配巷掘进面副风机,开停,停,,2020-10-16 04:53:29
羊东矿,0000031D04,8470运料巷配巷掘进面主风机,开停,开,,2020-10-16 04:53:29
羊东矿,0000031D10,8470运料巷配巷掘进面风筒,风筒开关传感器,风筒有风,,2020-10-16 04:53:29
羊东矿,0000031D13,8470运料巷配巷掘进面主风机馈电,馈电传感器,负荷侧有电压,,2020-10-16 04:53:29
羊东矿,0000031D15,8470运料巷配巷掘进面副风机馈电,馈电传感器,负荷侧有电压,,2020-10-16 04:53:29
羊东矿,0000031D16,8470运料巷配巷掘进面风向,开停,开,,2020-10-16 04:53:29
羊东矿,0000032A04,42区永久避难硐室后门过渡室CO.,一氧化碳,0.00,ppm,2020-10-16 04:53:29
羊东矿,0000032A05,42区永久避难硐室后门CO,一氧化碳,0.00,ppm,2020-10-16 04:53:29
羊东矿,0000032A06,42区永久避难硐室后门CO2,二氧化碳,0.00,%,2020-10-16 04:53:29
羊东矿,0000032A07,42区永久避难硐室后门甲烷激,甲烷,0.00,%CH4,2020-10-16 04:53:29
羊东矿,0000032A09,42皮带上部进风甲烷激,甲烷,0.03,%CH4,2020-10-16 04:53:29
羊东矿,0000032A10,42区永久避难硐室生存室CO2,二氧化碳,0.01,%,2020-10-16 04:53:29
羊东矿,0000032A13,42回风改造甲烷,甲烷,0.08,%CH4,2020-10-16 04:53:29
羊东矿,0000032A15,42回风改造风速,风速,2.60,m/s,2020-10-16 04:53:29
羊东矿,0000032D12,42皮带上部进风风向,开停,开,,2020-10-16 04:53:29
羊东矿,0000033A05,进风道猴车车房温度,温度,20.40,℃,2020-10-16 04:53:29
羊东矿,0000033A06,副斜车房温度,温度,17.20,℃,2020-10-16 04:53:29
羊东矿,0000033A08,-110治水泵房温度,温度,23.60,℃,2020-10-16 04:53:29
羊东矿,0000033A09,南井正前进风甲烷激,甲烷,0.00,%CH4,2020-10-16 04:53:29
羊东矿,0000033D10,南井正前进风风向,开停,停,,2020-10-16 04:53:29
羊东矿,0000037A05,佐城二号总回风速,风速,4.50,m/s,2020-10-16 04:53:29
羊东矿,0000037A06,佐城二号总回甲烷,甲烷,0.05,%CH4,2020-10-16 04:53:29
羊东矿,0000037A07,42采区回风巷甲烷,甲烷,0.10,%CH4,2020-10-16 04:53:29
羊东矿,0000031A07,8470运料巷配巷掘进面回风风速,风速,1.30,m/s,2020-10-16 04:53:56
羊东矿,0000031A08,8470运料巷配巷掘进面加密甲烷,甲烷,0.01,%CH4,2020-10-16 04:53:56
羊东矿,0000031A09,8470运料巷配巷掘进面甲烷T1,甲烷,0.05,%CH4,2020-10-16 04:53:56
羊东矿,0000031A12,8470运料巷配巷掘进面粉尘,粉尘浓度,0.00,mg/ m3,2020-10-16 04:53:56
羊东矿,0000031A14,8470运料巷配巷掘进面分风口甲烷T4,甲烷,0.00,%CH4,2020-10-16 04:53:56
羊东矿,0000031C01,8470运料巷配巷掘进面动力断电,断电控制器,复电,,2020-10-16 04:53:56
羊东矿,0000031D02,8470运料巷配巷掘进面动力馈电,馈电传感器,负荷侧有电压,,2020-10-16 04:53:56
羊东矿,0000031D03,8470运料巷配巷掘进面副风机,开停,停,,2020-10-16 04:53:56
羊东矿,0000031D04,8470运料巷配巷掘进面主风机,开停,开,,2020-10-16 04:53:56
羊东矿,0000031D10,8470运料巷配巷掘进面风筒,风筒开关传感器,风筒有风,,2020-10-16 04:53:56
羊东矿,0000031D13,8470运料巷配巷掘进面主风机馈电,馈电传感器,负荷侧有电压,,2020-10-16 04:53:56
羊东矿,0000031D15,8470运料巷配巷掘进面副风机馈电,馈电传感器,负荷侧有电压,,2020-10-16 04:53:56
羊东矿,0000031D16,8470运料巷配巷掘进面风向,开停,开,,2020-10-16 04:53:56
羊东矿,0000032A04,42区永久避难硐室后门过渡室CO.,一氧化碳,0.00,ppm,2020-10-16 04:53:56
羊东矿,0000032A05,42区永久避难硐室后门CO,一氧化碳,0.00,ppm,2020-10-16 04:53:56
羊东矿,0000032A06,42区永久避难硐室后门CO2,二氧化碳,0.00,%,2020-10-16 04:53:56
羊东矿,0000032A07,42区永久避难硐室后门甲烷激,甲烷,0.00,%CH4,2020-10-16 04:53:56
羊东矿,0000032A09,42皮带上部进风甲烷激,甲烷,0.02,%CH4,2020-10-16 04:53:56
羊东矿,0000032A10,42区永久避难硐室生存室CO2,二氧化碳,0.01,%,2020-10-16 04:53:56
羊东矿,0000032A13,42回风改造甲烷,甲烷,0.08,%CH4,2020-10-16 04:53:56
羊东矿,0000032A15,42回风改造风速,风速,2.60,m/s,2020-10-16 04:53:56
羊东矿,0000032D12,42皮带上部进风风向,开停,开,,2020-10-16 04:53:56
羊东矿,0000033A05,进风道猴车车房温度,温度,20.40,℃,2020-10-16 04:53:56
羊东矿,0000033A06,副斜车房温度,温度,17.20,℃,2020-10-16 04:53:56
羊东矿,0000033A08,-110治水泵房温度,温度,23.60,℃,2020-10-16 04:53:56
羊东矿,0000033A09,南井正前进风甲烷激,甲烷,0.00,%CH4,2020-10-16 04:53:56
羊东矿,0000033D10,南井正前进风风向,开停,停,,2020-10-16 04:53:56
羊东矿,0000037A05,佐城二号总回风速,风速,4.50,m/s,2020-10-16 04:53:56
羊东矿,0000037A06,佐城二号总回甲烷,甲烷,0.05,%CH4,2020-10-16 04:53:56
羊东矿,0000037A07,42采区回风巷甲烷,甲烷,0.10,%CH4,2020-10-16 04:53:56
羊东矿,0000031A07,8470运料巷配巷掘进面回风风速,风速,1.20,m/s,2020-10-16 04:54:22
羊东矿,0000031A08,8470运料巷配巷掘进面加密甲烷,甲烷,0.01,%CH4,2020-10-16 04:54:22
羊东矿,0000031A09,8470运料巷配巷掘进面甲烷T1,甲烷,0.05,%CH4,2020-10-16 04:54:22
羊东矿,0000031A12,8470运料巷配巷掘进面粉尘,粉尘浓度,0.00,mg/ m3,2020-10-16 04:54:22
羊东矿,0000031A14,8470运料巷配巷掘进面分风口甲烷T4,甲烷,0.00,%CH4,2020-10-16 04:54:22
羊东矿,0000031C01,8470运料巷配巷掘进面动力断电,断电控制器,复电,,2020-10-16 04:54:22
羊东矿,0000031D02,8470运料巷配巷掘进面动力馈电,馈电传感器,负荷侧有电压,,2020-10-16 04:54:22
羊东矿,0000031D03,8470运料巷配巷掘进面副风机,开停,停,,2020-10-16 04:54:22
羊东矿,0000031D04,8470运料巷配巷掘进面主风机,开停,开,,2020-10-16 04:54:22
羊东矿,0000031D10,8470运料巷配巷掘进面风筒,风筒开关传感器,风筒有风,,2020-10-16 04:54:22
羊东矿,0000031D13,8470运料巷配巷掘进面主风机馈电,馈电传感器,负荷侧有电压,,2020-10-16 04:54:22
羊东矿,0000031D15,8470运料巷配巷掘进面副风机馈电,馈电传感器,负荷侧有电压,,2020-10-16 04:54:22
羊东矿,0000031D16,8470运料巷配巷掘进面风向,开停,开,,2020-10-16 04:54:22
羊东矿,0000032A04,42区永久避难硐室后门过渡室CO.,一氧化碳,0.00,ppm,2020-10-16 04:54:22
羊东矿,0000032A05,42区永久避难硐室后门CO,一氧化碳,0.00,ppm,2020-10-16 04:54:22
羊东矿,0000032A06,42区永久避难硐室后门CO2,二氧化碳,0.00,%,2020-10-16 04:54:22
羊东矿,0000032A07,42区永久避难硐室后门甲烷激,甲烷,0.00,%CH4,2020-10-16 04:54:22
羊东矿,0000032A09,42皮带上部进风甲烷激,甲烷,0.02,%CH4,2020-10-16 04:54:22
羊东矿,0000032A10,42区永久避难硐室生存室CO2,二氧化碳,0.01,%,2020-10-16 04:54:22
羊东矿,0000032A13,42回风改造甲烷,甲烷,0.08,%CH4,2020-10-16 04:54:22
羊东矿,0000032A15,42回风改造风速,风速,2.70,m/s,2020-10-16 04:54:22
羊东矿,0000032D12,42皮带上部进风风向,开停,开,,2020-10-16 04:54:22
羊东矿,0000033A05,进风道猴车车房温度,温度,20.40,℃,2020-10-16 04:54:22
羊东矿,0000033A06,副斜车房温度,温度,17.20,℃,2020-10-16 04:54:22
羊东矿,0000033A08,-110治水泵房温度,温度,23.60,℃,2020-10-16 04:54:22
羊东矿,0000033A09,南井正前进风甲烷激,甲烷,0.00,%CH4,2020-10-16 04:54:22
羊东矿,0000033D10,南井正前进风风向,开停,停,,2020-10-16 04:54:22
羊东矿,0000037A05,佐城二号总回风速,风速,4.50,m/s,2020-10-16 04:54:22
羊东矿,0000037A06,佐城二号总回甲烷,甲烷,0.05,%CH4,2020-10-16 04:54:22
羊东矿,0000037A07,42采区回风巷甲烷,甲烷,0.11,%CH4,2020-10-16 04:54:22
羊东矿,0000031A07,8470运料巷配巷掘进面回风风速,风速,1.30,m/s,2020-10-16 04:55:15
羊东矿,0000031A08,8470运料巷配巷掘进面加密甲烷,甲烷,0.00,%CH4,2020-10-16 04:55:15
羊东矿,0000031A09,8470运料巷配巷掘进面甲烷T1,甲烷,0.04,%CH4,2020-10-16 04:55:15
羊东矿,0000031A12,8470运料巷配巷掘进面粉尘,粉尘浓度,0.00,mg/ m3,2020-10-16 04:55:15
羊东矿,0000031A14,8470运料巷配巷掘进面分风口甲烷T4,甲烷,0.00,%CH4,2020-10-16 04:55:15
羊东矿,0000031C01,8470运料巷配巷掘进面动力断电,断电控制器,复电,,2020-10-16 04:55:15
羊东矿,0000031D02,8470运料巷配巷掘进面动力馈电,馈电传感器,负荷侧有电压,,2020-10-16 04:55:15
羊东矿,0000031D03,8470运料巷配巷掘进面副风机,开停,停,,2020-10-16 04:55:15
羊东矿,0000031D04,8470运料巷配巷掘进面主风机,开停,开,,2020-10-16 04:55:15
羊东矿,0000031D10,8470运料巷配巷掘进面风筒,风筒开关传感器,风筒有风,,2020-10-16 04:55:15
羊东矿,0000031D13,8470运料巷配巷掘进面主风机馈电,馈电传感器,负荷侧有电压,,2020-10-16 04:55:15
羊东矿,0000031D15,8470运料巷配巷掘进面副风机馈电,馈电传感器,负荷侧有电压,,2020-10-16 04:55:15
羊东矿,0000031D16,8470运料巷配巷掘进面风向,开停,开,,2020-10-16 04:55:15
羊东矿,0000032A04,42区永久避难硐室后门过渡室CO.,一氧化碳,0.00,ppm,2020-10-16 04:55:15
羊东矿,0000032A05,42区永久避难硐室后门CO,一氧化碳,0.00,ppm,2020-10-16 04:55:15
羊东矿,0000032A06,42区永久避难硐室后门CO2,二氧化碳,0.00,%,2020-10-16 04:55:15
羊东矿,0000032A07,42区永久避难硐室后门甲烷激,甲烷,0.00,%CH4,2020-10-16 04:55:15
羊东矿,0000032A09,42皮带上部进风甲烷激,甲烷,0.03,%CH4,2020-10-16 04:55:15
羊东矿,0000032A10,42区永久避难硐室生存室CO2,二氧化碳,0.01,%,2020-10-16 04:55:15
羊东矿,0000032A13,42回风改造甲烷,甲烷,0.08,%CH4,2020-10-16 04:55:15
羊东矿,0000032A15,42回风改造风速,风速,2.70,m/s,2020-10-16 04:55:15
羊东矿,0000032D12,42皮带上部进风风向,开停,开,,2020-10-16 04:55:15
羊东矿,0000033A05,进风道猴车车房温度,温度,20.40,℃,2020-10-16 04:55:15
羊东矿,0000033A06,副斜车房温度,温度,17.20,℃,2020-10-16 04:55:15
羊东矿,0000033A08,-110治水泵房温度,温度,23.60,℃,2020-10-16 04:55:15
羊东矿,0000033A09,南井正前进风甲烷激,甲烷,0.00,%CH4,2020-10-16 04:55:15
羊东矿,0000033D10,南井正前进风风向,开停,停,,2020-10-16 04:55:15
羊东矿,0000037A05,佐城二号总回风速,风速,4.60,m/s,2020-10-16 04:55:15
羊东矿,0000037A06,佐城二号总回甲烷,甲烷,0.05,%CH4,2020-10-16 04:55:15
羊东矿,0000037A07,42采区回风巷甲烷,甲烷,0.10,%CH4,2020-10-16 04:55:15
羊东矿,0000031A07,8470运料巷配巷掘进面回风风速,风速,1.30,m/s,2020-10-16 04:55:15
羊东矿,0000031A08,8470运料巷配巷掘进面加密甲烷,甲烷,0.00,%CH4,2020-10-16 04:55:15
羊东矿,0000031A09,8470运料巷配巷掘进面甲烷T1,甲烷,0.04,%CH4,2020-10-16 04:55:15
羊东矿,0000031A12,8470运料巷配巷掘进面粉尘,粉尘浓度,0.00,mg/ m3,2020-10-16 04:55:15
羊东矿,0000031A14,8470运料巷配巷掘进面分风口甲烷T4,甲烷,0.00,%CH4,2020-10-16 04:55:15
羊东矿,0000031C01,8470运料巷配巷掘进面动力断电,断电控制器,复电,,2020-10-16 04:55:15
羊东矿,0000031D02,8470运料巷配巷掘进面动力馈电,馈电传感器,负荷侧有电压,,2020-10-16 04:55:15
羊东矿,0000031D03,8470运料巷配巷掘进面副风机,开停,停,,2020-10-16 04:55:15
羊东矿,0000031D04,8470运料巷配巷掘进面主风机,开停,开,,2020-10-16 04:55:15
羊东矿,0000031D10,8470运料巷配巷掘进面风筒,风筒开关传感器,风筒有风,,2020-10-16 04:55:15
羊东矿,0000031D13,8470运料巷配巷掘进面主风机馈电,馈电传感器,负荷侧有电压,,2020-10-16 04:55:15
羊东矿,0000031D15,8470运料巷配巷掘进面副风机馈电,馈电传感器,负荷侧有电压,,2020-10-16 04:55:15
羊东矿,0000031D16,8470运料巷配巷掘进面风向,开停,开,,2020-10-16 04:55:15
羊东矿,0000032A04,42区永久避难硐室后门过渡室CO.,一氧化碳,0.00,ppm,2020-10-16 04:55:15
羊东矿,0000032A05,42区永久避难硐室后门CO,一氧化碳,0.00,ppm,2020-10-16 04:55:15
羊东矿,0000032A06,42区永久避难硐室后门CO2,二氧化碳,0.00,%,2020-10-16 04:55:15
羊东矿,0000032A07,42区永久避难硐室后门甲烷激,甲烷,0.00,%CH4,2020-10-16 04:55:15
羊东矿,0000032A09,42皮带上部进风甲烷激,甲烷,0.03,%CH4,2020-10-16 04:55:15
羊东矿,0000032A10,42区永久避难硐室生存室CO2,二氧化碳,0.01,%,2020-10-16 04:55:15
羊东矿,0000032A13,42回风改造甲烷,甲烷,0.08,%CH4,2020-10-16 04:55:15
羊东矿,0000032A15,42回风改造风速,风速,2.70,m/s,2020-10-16 04:55:15
羊东矿,0000032D12,42皮带上部进风风向,开停,开,,2020-10-16 04:55:15
羊东矿,0000033A05,进风道猴车车房温度,温度,20.40,℃,2020-10-16 04:55:15
羊东矿,0000033A06,副斜车房温度,温度,17.20,℃,2020-10-16 04:55:15
羊东矿,0000033A08,-110治水泵房温度,温度,23.60,℃,2020-10-16 04:55:15
羊东矿,0000033A09,南井正前进风甲烷激,甲烷,0.00,%CH4,2020-10-16 04:55:15
羊东矿,0000033D10,南井正前进风风向,开停,停,,2020-10-16 04:55:15
羊东矿,0000037A05,佐城二号总回风速,风速,4.60,m/s,2020-10-16 04:55:15
羊东矿,0000037A06,佐城二号总回甲烷,甲烷,0.05,%CH4,2020-10-16 04:55:15
羊东矿,0000037A07,42采区回风巷甲烷,甲烷,0.10,%CH4,2020-10-16 04:55:15
羊东矿,0000031A07,8470运料巷配巷掘进面回风风速,风速,1.30,m/s,2020-10-16 04:55:41
羊东矿,0000031A08,8470运料巷配巷掘进面加密甲烷,甲烷,0.00,%CH4,2020-10-16 04:55:41
羊东矿,0000031A09,8470运料巷配巷掘进面甲烷T1,甲烷,0.04,%CH4,2020-10-16 04:55:41
羊东矿,0000031A12,8470运料巷配巷掘进面粉尘,粉尘浓度,0.00,mg/ m3,2020-10-16 04:55:41
羊东矿,0000031A14,8470运料巷配巷掘进面分风口甲烷T4,甲烷,0.00,%CH4,2020-10-16 04:55:41
羊东矿,0000031C01,8470运料巷配巷掘进面动力断电,断电控制器,复电,,2020-10-16 04:55:41
羊东矿,0000031D02,8470运料巷配巷掘进面动力馈电,馈电传感器,负荷侧有电压,,2020-10-16 04:55:41
羊东矿,0000031D03,8470运料巷配巷掘进面副风机,开停,停,,2020-10-16 04:55:41
羊东矿,0000031D04,8470运料巷配巷掘进面主风机,开停,开,,2020-10-16 04:55:41
羊东矿,0000031D10,8470运料巷配巷掘进面风筒,风筒开关传感器,风筒有风,,2020-10-16 04:55:41
羊东矿,0000031D13,8470运料巷配巷掘进面主风机馈电,馈电传感器,负荷侧有电压,,2020-10-16 04:55:41
羊东矿,0000031D15,8470运料巷配巷掘进面副风机馈电,馈电传感器,负荷侧有电压,,2020-10-16 04:55:41
羊东矿,0000031D16,8470运料巷配巷掘进面风向,开停,开,,2020-10-16 04:55:41
羊东矿,0000032A04,42区永久避难硐室后门过渡室CO.,一氧化碳,0.00,ppm,2020-10-16 04:55:41
羊东矿,0000032A05,42区永久避难硐室后门CO,一氧化碳,0.00,ppm,2020-10-16 04:55:41
羊东矿,0000032A06,42区永久避难硐室后门CO2,二氧化碳,0.00,%,2020-10-16 04:55:41
羊东矿,0000032A07,42区永久避难硐室后门甲烷激,甲烷,0.00,%CH4,2020-10-16 04:55:41
羊东矿,0000032A09,42皮带上部进风甲烷激,甲烷,0.03,%CH4,2020-10-16 04:55:41
羊东矿,0000032A10,42区永久避难硐室生存室CO2,二氧化碳,0.01,%,2020-10-16 04:55:41
羊东矿,0000032A13,42回风改造甲烷,甲烷,0.08,%CH4,2020-10-16 04:55:41
羊东矿,0000032A15,42回风改造风速,风速,2.60,m/s,2020-10-16 04:55:41
羊东矿,0000032D12,42皮带上部进风风向,开停,开,,2020-10-16 04:55:41
羊东矿,0000033A05,进风道猴车车房温度,温度,20.40,℃,2020-10-16 04:55:41
羊东矿,0000033A06,副斜车房温度,温度,17.20,℃,2020-10-16 04:55:41
羊东矿,0000033A08,-110治水泵房温度,温度,23.60,℃,2020-10-16 04:55:41
羊东矿,0000033A09,南井正前进风甲烷激,甲烷,0.00,%CH4,2020-10-16 04:55:41
羊东矿,0000033D10,南井正前进风风向,开停,停,,2020-10-16 04:55:41
羊东矿,0000037A05,佐城二号总回风速,风速,4.50,m/s,2020-10-16 04:55:41
羊东矿,0000037A06,佐城二号总回甲烷,甲烷,0.05,%CH4,2020-10-16 04:55:41
羊东矿,0000037A07,42采区回风巷甲烷,甲烷,0.10,%CH4,2020-10-16 04:55:41
羊东矿,0000031A07,8470运料巷配巷掘进面回风风速,风速,1.30,m/s,2020-10-16 04:56:08
羊东矿,0000031A08,8470运料巷配巷掘进面加密甲烷,甲烷,0.00,%CH4,2020-10-16 04:56:08
羊东矿,0000031A09,8470运料巷配巷掘进面甲烷T1,甲烷,0.04,%CH4,2020-10-16 04:56:08
羊东矿,0000031A12,8470运料巷配巷掘进面粉尘,粉尘浓度,0.00,mg/ m3,2020-10-16 04:56:08
羊东矿,0000031A14,8470运料巷配巷掘进面分风口甲烷T4,甲烷,0.00,%CH4,2020-10-16 04:56:08
羊东矿,0000031C01,8470运料巷配巷掘进面动力断电,断电控制器,复电,,2020-10-16 04:56:08
羊东矿,0000031D02,8470运料巷配巷掘进面动力馈电,馈电传感器,负荷侧有电压,,2020-10-16 04:56:08
羊东矿,0000031D03,8470运料巷配巷掘进面副风机,开停,停,,2020-10-16 04:56:08
羊东矿,0000031D04,8470运料巷配巷掘进面主风机,开停,开,,2020-10-16 04:56:08
羊东矿,0000031D10,8470运料巷配巷掘进面风筒,风筒开关传感器,风筒有风,,2020-10-16 04:56:08
羊东矿,0000031D13,8470运料巷配巷掘进面主风机馈电,馈电传感器,负荷侧有电压,,2020-10-16 04:56:08
羊东矿,0000031D15,8470运料巷配巷掘进面副风机馈电,馈电传感器,负荷侧有电压,,2020-10-16 04:56:08
羊东矿,0000031D16,8470运料巷配巷掘进面风向,开停,开,,2020-10-16 04:56:08
羊东矿,0000032A04,42区永久避难硐室后门过渡室CO.,一氧化碳,0.00,ppm,2020-10-16 04:56:08
羊东矿,0000032A05,42区永久避难硐室后门CO,一氧化碳,0.00,ppm,2020-10-16 04:56:08
羊东矿,0000032A06,42区永久避难硐室后门CO2,二氧化碳,0.00,%,2020-10-16 04:56:08
羊东矿,0000032A07,42区永久避难硐室后门甲烷激,甲烷,0.00,%CH4,2020-10-16 04:56:08
羊东矿,0000032A09,42皮带上部进风甲烷激,甲烷,0.02,%CH4,2020-10-16 04:56:08
羊东矿,0000032A10,42区永久避难硐室生存室CO2,二氧化碳,0.01,%,2020-10-16 04:56:08
羊东矿,0000032A13,42回风改造甲烷,甲烷,0.08,%CH4,2020-10-16 04:56:08
羊东矿,0000032A15,42回风改造风速,风速,2.60,m/s,2020-10-16 04:56:08
羊东矿,0000032D12,42皮带上部进风风向,开停,开,,2020-10-16 04:56:08
羊东矿,0000033A05,进风道猴车车房温度,温度,20.40,℃,2020-10-16 04:56:08
羊东矿,0000033A06,副斜车房温度,温度,17.20,℃,2020-10-16 04:56:08
羊东矿,0000033A08,-110治水泵房温度,温度,23.60,℃,2020-10-16 04:56:08
羊东矿,0000033A09,南井正前进风甲烷激,甲烷,0.00,%CH4,2020-10-16 04:56:08
羊东矿,0000033D10,南井正前进风风向,开停,停,,2020-10-16 04:56:08
羊东矿,0000037A05,佐城二号总回风速,风速,4.60,m/s,2020-10-16 04:56:08
羊东矿,0000037A06,佐城二号总回甲烷,甲烷,0.05,%CH4,2020-10-16 04:56:08
羊东矿,0000037A07,42采区回风巷甲烷,甲烷,0.10,%CH4,2020-10-16 04:56:08
羊东矿,0000031A07,8470运料巷配巷掘进面回风风速,风速,1.30,m/s,2020-10-16 04:57:00
羊东矿,0000031A08,8470运料巷配巷掘进面加密甲烷,甲烷,0.00,%CH4,2020-10-16 04:57:00
羊东矿,0000031A09,8470运料巷配巷掘进面甲烷T1,甲烷,0.05,%CH4,2020-10-16 04:57:00
羊东矿,0000031A12,8470运料巷配巷掘进面粉尘,粉尘浓度,0.00,mg/ m3,2020-10-16 04:57:00
羊东矿,0000031A14,8470运料巷配巷掘进面分风口甲烷T4,甲烷,0.00,%CH4,2020-10-16 04:57:00
羊东矿,0000031C01,8470运料巷配巷掘进面动力断电,断电控制器,复电,,2020-10-16 04:57:00
羊东矿,0000031D02,8470运料巷配巷掘进面动力馈电,馈电传感器,负荷侧有电压,,2020-10-16 04:57:00
羊东矿,0000031D03,8470运料巷配巷掘进面副风机,开停,停,,2020-10-16 04:57:00
羊东矿,0000031D04,8470运料巷配巷掘进面主风机,开停,开,,2020-10-16 04:57:00
羊东矿,0000031D10,8470运料巷配巷掘进面风筒,风筒开关传感器,风筒有风,,2020-10-16 04:57:00
羊东矿,0000031D13,8470运料巷配巷掘进面主风机馈电,馈电传感器,负荷侧有电压,,2020-10-16 04:57:00
羊东矿,0000031D15,8470运料巷配巷掘进面副风机馈电,馈电传感器,负荷侧有电压,,2020-10-16 04:57:00
羊东矿,0000031D16,8470运料巷配巷掘进面风向,开停,开,,2020-10-16 04:57:00
羊东矿,0000032A04,42区永久避难硐室后门过渡室CO.,一氧化碳,0.00,ppm,2020-10-16 04:57:00
羊东矿,0000032A05,42区永久避难硐室后门CO,一氧化碳,0.00,ppm,2020-10-16 04:57:00
羊东矿,0000032A06,42区永久避难硐室后门CO2,二氧化碳,0.00,%,2020-10-16 04:57:00
羊东矿,0000032A07,42区永久避难硐室后门甲烷激,甲烷,0.00,%CH4,2020-10-16 04:57:00
羊东矿,0000032A09,42皮带上部进风甲烷激,甲烷,0.02,%CH4,2020-10-16 04:57:00
羊东矿,0000032A10,42区永久避难硐室生存室CO2,二氧化碳,0.01,%,2020-10-16 04:57:00
羊东矿,0000032A13,42回风改造甲烷,甲烷,0.08,%CH4,2020-10-16 04:57:00
羊东矿,0000032A15,42回风改造风速,风速,2.60,m/s,2020-10-16 04:57:00
羊东矿,0000032D12,42皮带上部进风风向,开停,开,,2020-10-16 04:57:00
羊东矿,0000033A05,进风道猴车车房温度,温度,20.40,℃,2020-10-16 04:57:00
羊东矿,0000033A06,副斜车房温度,温度,17.20,℃,2020-10-16 04:57:00
羊东矿,0000033A08,-110治水泵房温度,温度,23.60,℃,2020-10-16 04:57:00
羊东矿,0000033A09,南井正前进风甲烷激,甲烷,0.00,%CH4,2020-10-16 04:57:00
羊东矿,0000033D10,南井正前进风风向,开停,停,,2020-10-16 04:57:00
羊东矿,0000037A05,佐城二号总回风速,风速,4.50,m/s,2020-10-16 04:57:00
羊东矿,0000037A06,佐城二号总回甲烷,甲烷,0.05,%CH4,2020-10-16 04:57:00
羊东矿,0000037A07,42采区回风巷甲烷,甲烷,0.10,%CH4,2020-10-16 04:57:00
羊东矿,0000031A07,8470运料巷配巷掘进面回风风速,风速,1.30,m/s,2020-10-16 04:57:27
羊东矿,0000031A08,8470运料巷配巷掘进面加密甲烷,甲烷,0.00,%CH4,2020-10-16 04:57:27
羊东矿,0000031A09,8470运料巷配巷掘进面甲烷T1,甲烷,0.05,%CH4,2020-10-16 04:57:27
羊东矿,0000031A12,8470运料巷配巷掘进面粉尘,粉尘浓度,0.00,mg/ m3,2020-10-16 04:57:27
羊东矿,0000031A14,8470运料巷配巷掘进面分风口甲烷T4,甲烷,0.00,%CH4,2020-10-16 04:57:27
羊东矿,0000031C01,8470运料巷配巷掘进面动力断电,断电控制器,复电,,2020-10-16 04:57:27
羊东矿,0000031D02,8470运料巷配巷掘进面动力馈电,馈电传感器,负荷侧有电压,,2020-10-16 04:57:27
羊东矿,0000031D03,8470运料巷配巷掘进面副风机,开停,停,,2020-10-16 04:57:27
羊东矿,0000031D04,8470运料巷配巷掘进面主风机,开停,开,,2020-10-16 04:57:27
羊东矿,0000031D10,8470运料巷配巷掘进面风筒,风筒开关传感器,风筒有风,,2020-10-16 04:57:27
羊东矿,0000031D13,8470运料巷配巷掘进面主风机馈电,馈电传感器,负荷侧有电压,,2020-10-16 04:57:27
羊东矿,0000031D15,8470运料巷配巷掘进面副风机馈电,馈电传感器,负荷侧有电压,,2020-10-16 04:57:27
羊东矿,0000031D16,8470运料巷配巷掘进面风向,开停,开,,2020-10-16 04:57:27
羊东矿,0000032A04,42区永久避难硐室后门过渡室CO.,一氧化碳,0.00,ppm,2020-10-16 04:57:27
羊东矿,0000032A05,42区永久避难硐室后门CO,一氧化碳,0.00,ppm,2020-10-16 04:57:27
羊东矿,0000032A06,42区永久避难硐室后门CO2,二氧化碳,0.00,%,2020-10-16 04:57:27
羊东矿,0000032A07,42区永久避难硐室后门甲烷激,甲烷,0.00,%CH4,2020-10-16 04:57:27
羊东矿,0000032A09,42皮带上部进风甲烷激,甲烷,0.03,%CH4,2020-10-16 04:57:27
羊东矿,0000032A10,42区永久避难硐室生存室CO2,二氧化碳,0.01,%,2020-10-16 04:57:27
羊东矿,0000032A13,42回风改造甲烷,甲烷,0.08,%CH4,2020-10-16 04:57:27
羊东矿,0000032A15,42回风改造风速,风速,2.60,m/s,2020-10-16 04:57:27
羊东矿,0000032D12,42皮带上部进风风向,开停,开,,2020-10-16 04:57:27
羊东矿,0000033A05,进风道猴车车房温度,温度,20.40,℃,2020-10-16 04:57:27
羊东矿,0000033A06,副斜车房温度,温度,17.20,℃,2020-10-16 04:57:27
羊东矿,0000033A08,-110治水泵房温度,温度,23.70,℃,2020-10-16 04:57:27
羊东矿,0000033A09,南井正前进风甲烷激,甲烷,0.00,%CH4,2020-10-16 04:57:27
羊东矿,0000033D10,南井正前进风风向,开停,停,,2020-10-16 04:57:27
羊东矿,0000037A05,佐城二号总回风速,风速,4.50,m/s,2020-10-16 04:57:27
羊东矿,0000037A06,佐城二号总回甲烷,甲烷,0.05,%CH4,2020-10-16 04:57:27
羊东矿,0000037A07,42采区回风巷甲烷,甲烷,0.10,%CH4,2020-10-16 04:57:27
羊东矿,0000031A07,8470运料巷配巷掘进面回风风速,风速,1.30,m/s,2020-10-16 04:57:53
羊东矿,0000031A08,8470运料巷配巷掘进面加密甲烷,甲烷,0.00,%CH4,2020-10-16 04:57:53
羊东矿,0000031A09,8470运料巷配巷掘进面甲烷T1,甲烷,0.04,%CH4,2020-10-16 04:57:53
羊东矿,0000031A12,8470运料巷配巷掘进面粉尘,粉尘浓度,0.00,mg/ m3,2020-10-16 04:57:53
羊东矿,0000031A14,8470运料巷配巷掘进面分风口甲烷T4,甲烷,0.00,%CH4,2020-10-16 04:57:53
羊东矿,0000031C01,8470运料巷配巷掘进面动力断电,断电控制器,复电,,2020-10-16 04:57:53
羊东矿,0000031D02,8470运料巷配巷掘进面动力馈电,馈电传感器,负荷侧有电压,,2020-10-16 04:57:53
羊东矿,0000031D03,8470运料巷配巷掘进面副风机,开停,停,,2020-10-16 04:57:53
羊东矿,0000031D04,8470运料巷配巷掘进面主风机,开停,开,,2020-10-16 04:57:53
羊东矿,0000031D10,8470运料巷配巷掘进面风筒,风筒开关传感器,风筒有风,,2020-10-16 04:57:53
羊东矿,0000031D13,8470运料巷配巷掘进面主风机馈电,馈电传感器,负荷侧有电压,,2020-10-16 04:57:53
羊东矿,0000031D15,8470运料巷配巷掘进面副风机馈电,馈电传感器,负荷侧有电压,,2020-10-16 04:57:53
羊东矿,0000031D16,8470运料巷配巷掘进面风向,开停,开,,2020-10-16 04:57:53
羊东矿,0000032A04,42区永久避难硐室后门过渡室CO.,一氧化碳,0.00,ppm,2020-10-16 04:57:53
羊东矿,0000032A05,42区永久避难硐室后门CO,一氧化碳,0.00,ppm,2020-10-16 04:57:53
羊东矿,0000032A06,42区永久避难硐室后门CO2,二氧化碳,0.00,%,2020-10-16 04:57:53
羊东矿,0000032A07,42区永久避难硐室后门甲烷激,甲烷,0.00,%CH4,2020-10-16 04:57:53
羊东矿,0000032A09,42皮带上部进风甲烷激,甲烷,0.02,%CH4,2020-10-16 04:57:53
羊东矿,0000032A10,42区永久避难硐室生存室CO2,二氧化碳,0.01,%,2020-10-16 04:57:53
羊东矿,0000032A13,42回风改造甲烷,甲烷,0.08,%CH4,2020-10-16 04:57:53
羊东矿,0000032A15,42回风改造风速,风速,2.60,m/s,2020-10-16 04:57:53
羊东矿,0000032D12,42皮带上部进风风向,开停,开,,2020-10-16 04:57:53
羊东矿,0000033A05,进风道猴车车房温度,温度,20.40,℃,2020-10-16 04:57:53
羊东矿,0000033A06,副斜车房温度,温度,17.20,℃,2020-10-16 04:57:53
羊东矿,0000033A08,-110治水泵房温度,温度,23.60,℃,2020-10-16 04:57:53
羊东矿,0000033A09,南井正前进风甲烷激,甲烷,0.00,%CH4,2020-10-16 04:57:53
羊东矿,0000033D10,南井正前进风风向,开停,停,,2020-10-16 04:57:53
羊东矿,0000037A05,佐城二号总回风速,风速,4.50,m/s,2020-10-16 04:57:53
羊东矿,0000037A06,佐城二号总回甲烷,甲烷,0.05,%CH4,2020-10-16 04:57:53
羊东矿,0000037A07,42采区回风巷甲烷,甲烷,0.10,%CH4,2020-10-16 04:57:53
羊东矿,0000031A07,8470运料巷配巷掘进面回风风速,风速,1.30,m/s,2020-10-16 04:58:45
羊东矿,0000031A08,8470运料巷配巷掘进面加密甲烷,甲烷,0.00,%CH4,2020-10-16 04:58:45
羊东矿,0000031A09,8470运料巷配巷掘进面甲烷T1,甲烷,0.05,%CH4,2020-10-16 04:58:45
羊东矿,0000031A12,8470运料巷配巷掘进面粉尘,粉尘浓度,0.00,mg/ m3,2020-10-16 04:58:45
羊东矿,0000031A14,8470运料巷配巷掘进面分风口甲烷T4,甲烷,0.00,%CH4,2020-10-16 04:58:45
羊东矿,0000031C01,8470运料巷配巷掘进面动力断电,断电控制器,复电,,2020-10-16 04:58:45
羊东矿,0000031D02,8470运料巷配巷掘进面动力馈电,馈电传感器,负荷侧有电压,,2020-10-16 04:58:45
羊东矿,0000031D03,8470运料巷配巷掘进面副风机,开停,停,,2020-10-16 04:58:45
羊东矿,0000031D04,8470运料巷配巷掘进面主风机,开停,开,,2020-10-16 04:58:45
羊东矿,0000031D10,8470运料巷配巷掘进面风筒,风筒开关传感器,风筒有风,,2020-10-16 04:58:45
羊东矿,0000031D13,8470运料巷配巷掘进面主风机馈电,馈电传感器,负荷侧有电压,,2020-10-16 04:58:45
羊东矿,0000031D15,8470运料巷配巷掘进面副风机馈电,馈电传感器,负荷侧有电压,,2020-10-16 04:58:45
羊东矿,0000031D16,8470运料巷配巷掘进面风向,开停,开,,2020-10-16 04:58:45
羊东矿,0000032A04,42区永久避难硐室后门过渡室CO.,一氧化碳,0.00,ppm,2020-10-16 04:58:45
羊东矿,0000032A05,42区永久避难硐室后门CO,一氧化碳,0.00,ppm,2020-10-16 04:58:45
羊东矿,0000032A06,42区永久避难硐室后门CO2,二氧化碳,0.00,%,2020-10-16 04:58:45
羊东矿,0000032A07,42区永久避难硐室后门甲烷激,甲烷,0.00,%CH4,2020-10-16 04:58:45
羊东矿,0000032A09,42皮带上部进风甲烷激,甲烷,0.02,%CH4,2020-10-16 04:58:45
羊东矿,0000032A10,42区永久避难硐室生存室CO2,二氧化碳,0.01,%,2020-10-16 04:58:45
羊东矿,0000032A13,42回风改造甲烷,甲烷,0.08,%CH4,2020-10-16 04:58:45
羊东矿,0000032A15,42回风改造风速,风速,2.70,m/s,2020-10-16 04:58:45
羊东矿,0000032D12,42皮带上部进风风向,开停,开,,2020-10-16 04:58:45
羊东矿,0000033A05,进风道猴车车房温度,温度,20.40,℃,2020-10-16 04:58:45
羊东矿,0000033A06,副斜车房温度,温度,17.20,℃,2020-10-16 04:58:45
羊东矿,0000033A08,-110治水泵房温度,温度,23.60,℃,2020-10-16 04:58:45
羊东矿,0000033A09,南井正前进风甲烷激,甲烷,0.00,%CH4,2020-10-16 04:58:45
羊东矿,0000033D10,南井正前进风风向,开停,停,,2020-10-16 04:58:45
羊东矿,0000037A05,佐城二号总回风速,风速,4.40,m/s,2020-10-16 04:58:45
羊东矿,0000037A06,佐城二号总回甲烷,甲烷,0.05,%CH4,2020-10-16 04:58:45
羊东矿,0000037A07,42采区回风巷甲烷,甲烷,0.11,%CH4,2020-10-16 04:58:45
羊东矿,0000031A07,8470运料巷配巷掘进面回风风速,风速,1.30,m/s,2020-10-16 04:58:45
羊东矿,0000031A08,8470运料巷配巷掘进面加密甲烷,甲烷,0.00,%CH4,2020-10-16 04:58:45
羊东矿,0000031A09,8470运料巷配巷掘进面甲烷T1,甲烷,0.05,%CH4,2020-10-16 04:58:45
羊东矿,0000031A12,8470运料巷配巷掘进面粉尘,粉尘浓度,0.00,mg/ m3,2020-10-16 04:58:45
羊东矿,0000031A14,8470运料巷配巷掘进面分风口甲烷T4,甲烷,0.00,%CH4,2020-10-16 04:58:45
羊东矿,0000031C01,8470运料巷配巷掘进面动力断电,断电控制器,复电,,2020-10-16 04:58:45
羊东矿,0000031D02,8470运料巷配巷掘进面动力馈电,馈电传感器,负荷侧有电压,,2020-10-16 04:58:45
羊东矿,0000031D03,8470运料巷配巷掘进面副风机,开停,停,,2020-10-16 04:58:45
羊东矿,0000031D04,8470运料巷配巷掘进面主风机,开停,开,,2020-10-16 04:58:45
羊东矿,0000031D10,8470运料巷配巷掘进面风筒,风筒开关传感器,风筒有风,,2020-10-16 04:58:45
羊东矿,0000031D13,8470运料巷配巷掘进面主风机馈电,馈电传感器,负荷侧有电压,,2020-10-16 04:58:45
羊东矿,0000031D15,8470运料巷配巷掘进面副风机馈电,馈电传感器,负荷侧有电压,,2020-10-16 04:58:45
羊东矿,0000031D16,8470运料巷配巷掘进面风向,开停,开,,2020-10-16 04:58:45
羊东矿,0000032A04,42区永久避难硐室后门过渡室CO.,一氧化碳,0.00,ppm,2020-10-16 04:58:45
羊东矿,0000032A05,42区永久避难硐室后门CO,一氧化碳,0.00,ppm,2020-10-16 04:58:45
羊东矿,0000032A06,42区永久避难硐室后门CO2,二氧化碳,0.00,%,2020-10-16 04:58:45
羊东矿,0000032A07,42区永久避难硐室后门甲烷激,甲烷,0.00,%CH4,2020-10-16 04:58:45
羊东矿,0000032A09,42皮带上部进风甲烷激,甲烷,0.02,%CH4,2020-10-16 04:58:45
羊东矿,0000032A10,42区永久避难硐室生存室CO2,二氧化碳,0.01,%,2020-10-16 04:58:45
羊东矿,0000032A13,42回风改造甲烷,甲烷,0.08,%CH4,2020-10-16 04:58:45
羊东矿,0000032A15,42回风改造风速,风速,2.70,m/s,2020-10-16 04:58:45
羊东矿,0000032D12,42皮带上部进风风向,开停,开,,2020-10-16 04:58:45
羊东矿,0000033A05,进风道猴车车房温度,温度,20.40,℃,2020-10-16 04:58:45
羊东矿,0000033A06,副斜车房温度,温度,17.20,℃,2020-10-16 04:58:45
羊东矿,0000033A08,-110治水泵房温度,温度,23.60,℃,2020-10-16 04:58:45
羊东矿,0000033A09,南井正前进风甲烷激,甲烷,0.00,%CH4,2020-10-16 04:58:45
羊东矿,0000033D10,南井正前进风风向,开停,停,,2020-10-16 04:58:45
羊东矿,0000037A05,佐城二号总回风速,风速,4.40,m/s,2020-10-16 04:58:45
羊东矿,0000037A06,佐城二号总回甲烷,甲烷,0.05,%CH4,2020-10-16 04:58:45
羊东矿,0000037A07,42采区回风巷甲烷,甲烷,0.11,%CH4,2020-10-16 04:58:45
羊东矿,0000031A07,8470运料巷配巷掘进面回风风速,风速,1.30,m/s,2020-10-16 04:59:12
羊东矿,0000031A08,8470运料巷配巷掘进面加密甲烷,甲烷,0.00,%CH4,2020-10-16 04:59:12
羊东矿,0000031A09,8470运料巷配巷掘进面甲烷T1,甲烷,0.04,%CH4,2020-10-16 04:59:12
羊东矿,0000031A12,8470运料巷配巷掘进面粉尘,粉尘浓度,0.00,mg/ m3,2020-10-16 04:59:12
羊东矿,0000031A14,8470运料巷配巷掘进面分风口甲烷T4,甲烷,0.00,%CH4,2020-10-16 04:59:12
羊东矿,0000031C01,8470运料巷配巷掘进面动力断电,断电控制器,复电,,2020-10-16 04:59:12
羊东矿,0000031D02,8470运料巷配巷掘进面动力馈电,馈电传感器,负荷侧有电压,,2020-10-16 04:59:12
羊东矿,0000031D03,8470运料巷配巷掘进面副风机,开停,停,,2020-10-16 04:59:12
羊东矿,0000031D04,8470运料巷配巷掘进面主风机,开停,开,,2020-10-16 04:59:12
羊东矿,0000031D10,8470运料巷配巷掘进面风筒,风筒开关传感器,风筒有风,,2020-10-16 04:59:12
羊东矿,0000031D13,8470运料巷配巷掘进面主风机馈电,馈电传感器,负荷侧有电压,,2020-10-16 04:59:12
羊东矿,0000031D15,8470运料巷配巷掘进面副风机馈电,馈电传感器,负荷侧有电压,,2020-10-16 04:59:12
羊东矿,0000031D16,8470运料巷配巷掘进面风向,开停,开,,2020-10-16 04:59:12
羊东矿,0000032A04,42区永久避难硐室后门过渡室CO.,一氧化碳,0.00,ppm,2020-10-16 04:59:12
羊东矿,0000032A05,42区永久避难硐室后门CO,一氧化碳,0.00,ppm,2020-10-16 04:59:12
羊东矿,0000032A06,42区永久避难硐室后门CO2,二氧化碳,0.00,%,2020-10-16 04:59:12
羊东矿,0000032A07,42区永久避难硐室后门甲烷激,甲烷,0.00,%CH4,2020-10-16 04:59:12
羊东矿,0000032A09,42皮带上部进风甲烷激,甲烷,0.03,%CH4,2020-10-16 04:59:12
羊东矿,0000032A10,42区永久避难硐室生存室CO2,二氧化碳,0.01,%,2020-10-16 04:59:12
羊东矿,0000032A13,42回风改造甲烷,甲烷,0.08,%CH4,2020-10-16 04:59:12
羊东矿,0000032A15,42回风改造风速,风速,2.60,m/s,2020-10-16 04:59:12
羊东矿,0000032D12,42皮带上部进风风向,开停,开,,2020-10-16 04:59:12
羊东矿,0000033A05,进风道猴车车房温度,温度,20.40,℃,2020-10-16 04:59:12
羊东矿,0000033A06,副斜车房温度,温度,17.20,℃,2020-10-16 04:59:12
羊东矿,0000033A08,-110治水泵房温度,温度,23.70,℃,2020-10-16 04:59:12
羊东矿,0000033A09,南井正前进风甲烷激,甲烷,0.00,%CH4,2020-10-16 04:59:12
羊东矿,0000033D10,南井正前进风风向,开停,停,,2020-10-16 04:59:12
羊东矿,0000037A05,佐城二号总回风速,风速,4.60,m/s,2020-10-16 04:59:12
羊东矿,0000037A06,佐城二号总回甲烷,甲烷,0.05,%CH4,2020-10-16 04:59:12
羊东矿,0000037A07,42采区回风巷甲烷,甲烷,0.11,%CH4,2020-10-16 04:59:12
羊东矿,0000031A07,8470运料巷配巷掘进面回风风速,风速,1.30,m/s,2020-10-16 05:00:31
羊东矿,0000031A08,8470运料巷配巷掘进面加密甲烷,甲烷,0.00,%CH4,2020-10-16 05:00:31
羊东矿,0000031A09,8470运料巷配巷掘进面甲烷T1,甲烷,0.05,%CH4,2020-10-16 05:00:31
羊东矿,0000031A12,8470运料巷配巷掘进面粉尘,粉尘浓度,0.00,mg/ m3,2020-10-16 05:00:31
羊东矿,0000031A14,8470运料巷配巷掘进面分风口甲烷T4,甲烷,0.00,%CH4,2020-10-16 05:00:31
羊东矿,0000031C01,8470运料巷配巷掘进面动力断电,断电控制器,复电,,2020-10-16 05:00:31
羊东矿,0000031D02,8470运料巷配巷掘进面动力馈电,馈电传感器,负荷侧有电压,,2020-10-16 05:00:31
羊东矿,0000031D03,8470运料巷配巷掘进面副风机,开停,停,,2020-10-16 05:00:31
羊东矿,0000031D04,8470运料巷配巷掘进面主风机,开停,开,,2020-10-16 05:00:31
羊东矿,0000031D10,8470运料巷配巷掘进面风筒,风筒开关传感器,风筒有风,,2020-10-16 05:00:31
羊东矿,0000031D13,8470运料巷配巷掘进面主风机馈电,馈电传感器,负荷侧有电压,,2020-10-16 05:00:31
羊东矿,0000031D15,8470运料巷配巷掘进面副风机馈电,馈电传感器,负荷侧有电压,,2020-10-16 05:00:31
羊东矿,0000031D16,8470运料巷配巷掘进面风向,开停,开,,2020-10-16 05:00:31
羊东矿,0000032A04,42区永久避难硐室后门过渡室CO.,一氧化碳,0.00,ppm,2020-10-16 05:00:31
羊东矿,0000032A05,42区永久避难硐室后门CO,一氧化碳,0.00,ppm,2020-10-16 05:00:31
羊东矿,0000032A06,42区永久避难硐室后门CO2,二氧化碳,0.00,%,2020-10-16 05:00:31
羊东矿,0000032A07,42区永久避难硐室后门甲烷激,甲烷,0.00,%CH4,2020-10-16 05:00:31
羊东矿,0000032A09,42皮带上部进风甲烷激,甲烷,0.03,%CH4,2020-10-16 05:00:31
羊东矿,0000032A10,42区永久避难硐室生存室CO2,二氧化碳,0.01,%,2020-10-16 05:00:31
羊东矿,0000032A13,42回风改造甲烷,甲烷,0.08,%CH4,2020-10-16 05:00:31
羊东矿,0000032A15,42回风改造风速,风速,2.60,m/s,2020-10-16 05:00:31
羊东矿,0000032D12,42皮带上部进风风向,开停,开,,2020-10-16 05:00:31
羊东矿,0000033A05,进风道猴车车房温度,温度,20.40,℃,2020-10-16 05:00:31
羊东矿,0000033A06,副斜车房温度,温度,17.20,℃,2020-10-16 05:00:31
羊东矿,0000033A08,-110治水泵房温度,温度,23.70,℃,2020-10-16 05:00:31
羊东矿,0000033A09,南井正前进风甲烷激,甲烷,0.00,%CH4,2020-10-16 05:00:31
羊东矿,0000033D10,南井正前进风风向,开停,停,,2020-10-16 05:00:31
羊东矿,0000037A05,佐城二号总回风速,风速,4.50,m/s,2020-10-16 05:00:31
羊东矿,0000037A06,佐城二号总回甲烷,甲烷,0.05,%CH4,2020-10-16 05:00:31
羊东矿,0000037A07,42采区回风巷甲烷,甲烷,0.11,%CH4,2020-10-16 05:00:31
羊东矿,0000031A07,8470运料巷配巷掘进面回风风速,风速,1.30,m/s,2020-10-16 05:00:31
羊东矿,0000031A08,8470运料巷配巷掘进面加密甲烷,甲烷,0.00,%CH4,2020-10-16 05:00:31
羊东矿,0000031A09,8470运料巷配巷掘进面甲烷T1,甲烷,0.05,%CH4,2020-10-16 05:00:31
羊东矿,0000031A12,8470运料巷配巷掘进面粉尘,粉尘浓度,0.00,mg/ m3,2020-10-16 05:00:31
羊东矿,0000031A14,8470运料巷配巷掘进面分风口甲烷T4,甲烷,0.00,%CH4,2020-10-16 05:00:31
羊东矿,0000031C01,8470运料巷配巷掘进面动力断电,断电控制器,复电,,2020-10-16 05:00:31
羊东矿,0000031D02,8470运料巷配巷掘进面动力馈电,馈电传感器,负荷侧有电压,,2020-10-16 05:00:31
羊东矿,0000031D03,8470运料巷配巷掘进面副风机,开停,停,,2020-10-16 05:00:31
羊东矿,0000031D04,8470运料巷配巷掘进面主风机,开停,开,,2020-10-16 05:00:31
羊东矿,0000031D10,8470运料巷配巷掘进面风筒,风筒开关传感器,风筒有风,,2020-10-16 05:00:31
羊东矿,0000031D13,8470运料巷配巷掘进面主风机馈电,馈电传感器,负荷侧有电压,,2020-10-16 05:00:31
羊东矿,0000031D15,8470运料巷配巷掘进面副风机馈电,馈电传感器,负荷侧有电压,,2020-10-16 05:00:31
羊东矿,0000031D16,8470运料巷配巷掘进面风向,开停,开,,2020-10-16 05:00:31
羊东矿,0000032A04,42区永久避难硐室后门过渡室CO.,一氧化碳,0.00,ppm,2020-10-16 05:00:31
羊东矿,0000032A05,42区永久避难硐室后门CO,一氧化碳,0.00,ppm,2020-10-16 05:00:31
羊东矿,0000032A06,42区永久避难硐室后门CO2,二氧化碳,0.00,%,2020-10-16 05:00:31
羊东矿,0000032A07,42区永久避难硐室后门甲烷激,甲烷,0.00,%CH4,2020-10-16 05:00:31
羊东矿,0000032A09,42皮带上部进风甲烷激,甲烷,0.03,%CH4,2020-10-16 05:00:31
羊东矿,0000032A10,42区永久避难硐室生存室CO2,二氧化碳,0.01,%,2020-10-16 05:00:31
羊东矿,0000032A13,42回风改造甲烷,甲烷,0.08,%CH4,2020-10-16 05:00:31
羊东矿,0000032A15,42回风改造风速,风速,2.60,m/s,2020-10-16 05:00:31
羊东矿,0000032D12,42皮带上部进风风向,开停,开,,2020-10-16 05:00:31
羊东矿,0000033A05,进风道猴车车房温度,温度,20.40,℃,2020-10-16 05:00:31
羊东矿,0000033A06,副斜车房温度,温度,17.20,℃,2020-10-16 05:00:31
羊东矿,0000033A08,-110治水泵房温度,温度,23.70,℃,2020-10-16 05:00:31
羊东矿,0000033A09,南井正前进风甲烷激,甲烷,0.00,%CH4,2020-10-16 05:00:31
羊东矿,0000033D10,南井正前进风风向,开停,停,,2020-10-16 05:00:31
羊东矿,0000037A05,佐城二号总回风速,风速,4.50,m/s,2020-10-16 05:00:31
羊东矿,0000037A06,佐城二号总回甲烷,甲烷,0.05,%CH4,2020-10-16 05:00:31
羊东矿,0000037A07,42采区回风巷甲烷,甲烷,0.11,%CH4,2020-10-16 05:00:31
羊东矿,0000031A07,8470运料巷配巷掘进面回风风速,风速,1.30,m/s,2020-10-16 05:00:57
羊东矿,0000031A08,8470运料巷配巷掘进面加密甲烷,甲烷,0.00,%CH4,2020-10-16 05:00:57
羊东矿,0000031A09,8470运料巷配巷掘进面甲烷T1,甲烷,0.04,%CH4,2020-10-16 05:00:57
羊东矿,0000031A12,8470运料巷配巷掘进面粉尘,粉尘浓度,0.00,mg/ m3,2020-10-16 05:00:57
羊东矿,0000031A14,8470运料巷配巷掘进面分风口甲烷T4,甲烷,0.00,%CH4,2020-10-16 05:00:57
羊东矿,0000031C01,8470运料巷配巷掘进面动力断电,断电控制器,复电,,2020-10-16 05:00:57
羊东矿,0000031D02,8470运料巷配巷掘进面动力馈电,馈电传感器,负荷侧有电压,,2020-10-16 05:00:57
羊东矿,0000031D03,8470运料巷配巷掘进面副风机,开停,停,,2020-10-16 05:00:57
羊东矿,0000031D04,8470运料巷配巷掘进面主风机,开停,开,,2020-10-16 05:00:57
羊东矿,0000031D10,8470运料巷配巷掘进面风筒,风筒开关传感器,风筒有风,,2020-10-16 05:00:57
羊东矿,0000031D13,8470运料巷配巷掘进面主风机馈电,馈电传感器,负荷侧有电压,,2020-10-16 05:00:57
羊东矿,0000031D15,8470运料巷配巷掘进面副风机馈电,馈电传感器,负荷侧有电压,,2020-10-16 05:00:57
羊东矿,0000031D16,8470运料巷配巷掘进面风向,开停,开,,2020-10-16 05:00:57
羊东矿,0000032A04,42区永久避难硐室后门过渡室CO.,一氧化碳,0.00,ppm,2020-10-16 05:00:57
羊东矿,0000032A05,42区永久避难硐室后门CO,一氧化碳,0.00,ppm,2020-10-16 05:00:57
羊东矿,0000032A06,42区永久避难硐室后门CO2,二氧化碳,0.00,%,2020-10-16 05:00:57
羊东矿,0000032A07,42区永久避难硐室后门甲烷激,甲烷,0.00,%CH4,2020-10-16 05:00:57
羊东矿,0000032A09,42皮带上部进风甲烷激,甲烷,0.03,%CH4,2020-10-16 05:00:57
羊东矿,0000032A10,42区永久避难硐室生存室CO2,二氧化碳,0.01,%,2020-10-16 05:00:57
羊东矿,0000032A13,42回风改造甲烷,甲烷,0.08,%CH4,2020-10-16 05:00:57
羊东矿,0000032A15,42回风改造风速,风速,2.50,m/s,2020-10-16 05:00:57
羊东矿,0000032D12,42皮带上部进风风向,开停,开,,2020-10-16 05:00:57
羊东矿,0000033A05,进风道猴车车房温度,温度,20.40,℃,2020-10-16 05:00:57
羊东矿,0000033A06,副斜车房温度,温度,17.20,℃,2020-10-16 05:00:57
羊东矿,0000033A08,-110治水泵房温度,温度,23.60,℃,2020-10-16 05:00:57
羊东矿,0000033A09,南井正前进风甲烷激,甲烷,0.00,%CH4,2020-10-16 05:00:57
羊东矿,0000033D10,南井正前进风风向,开停,停,,2020-10-16 05:00:57
羊东矿,0000037A05,佐城二号总回风速,风速,4.50,m/s,2020-10-16 05:00:57
羊东矿,0000037A06,佐城二号总回甲烷,甲烷,0.05,%CH4,2020-10-16 05:00:57
羊东矿,0000037A07,42采区回风巷甲烷,甲烷,0.11,%CH4,2020-10-16 05:00:57
羊东矿,0000031A07,8470运料巷配巷掘进面回风风速,风速,1.30,m/s,2020-10-16 05:01:24
羊东矿,0000031A08,8470运料巷配巷掘进面加密甲烷,甲烷,0.00,%CH4,2020-10-16 05:01:24
羊东矿,0000031A09,8470运料巷配巷掘进面甲烷T1,甲烷,0.04,%CH4,2020-10-16 05:01:24
羊东矿,0000031A12,8470运料巷配巷掘进面粉尘,粉尘浓度,0.00,mg/ m3,2020-10-16 05:01:24
羊东矿,0000031A14,8470运料巷配巷掘进面分风口甲烷T4,甲烷,0.00,%CH4,2020-10-16 05:01:24
羊东矿,0000031C01,8470运料巷配巷掘进面动力断电,断电控制器,复电,,2020-10-16 05:01:24
羊东矿,0000031D02,8470运料巷配巷掘进面动力馈电,馈电传感器,负荷侧有电压,,2020-10-16 05:01:24
羊东矿,0000031D03,8470运料巷配巷掘进面副风机,开停,停,,2020-10-16 05:01:24
羊东矿,0000031D04,8470运料巷配巷掘进面主风机,开停,开,,2020-10-16 05:01:24
羊东矿,0000031D10,8470运料巷配巷掘进面风筒,风筒开关传感器,风筒有风,,2020-10-16 05:01:24
羊东矿,0000031D13,8470运料巷配巷掘进面主风机馈电,馈电传感器,负荷侧有电压,,2020-10-16 05:01:24
羊东矿,0000031D15,8470运料巷配巷掘进面副风机馈电,馈电传感器,负荷侧有电压,,2020-10-16 05:01:24
羊东矿,0000031D16,8470运料巷配巷掘进面风向,开停,开,,2020-10-16 05:01:24
羊东矿,0000032A04,42区永久避难硐室后门过渡室CO.,一氧化碳,0.00,ppm,2020-10-16 05:01:24
羊东矿,0000032A05,42区永久避难硐室后门CO,一氧化碳,0.00,ppm,2020-10-16 05:01:24
羊东矿,0000032A06,42区永久避难硐室后门CO2,二氧化碳,0.00,%,2020-10-16 05:01:24
羊东矿,0000032A07,42区永久避难硐室后门甲烷激,甲烷,0.00,%CH4,2020-10-16 05:01:24
羊东矿,0000032A09,42皮带上部进风甲烷激,甲烷,0.02,%CH4,2020-10-16 05:01:24
羊东矿,0000032A10,42区永久避难硐室生存室CO2,二氧化碳,0.01,%,2020-10-16 05:01:24
羊东矿,0000032A13,42回风改造甲烷,甲烷,0.08,%CH4,2020-10-16 05:01:24
羊东矿,0000032A15,42回风改造风速,风速,2.50,m/s,2020-10-16 05:01:24
羊东矿,0000032D12,42皮带上部进风风向,开停,开,,2020-10-16 05:01:24
羊东矿,0000033A05,进风道猴车车房温度,温度,20.40,℃,2020-10-16 05:01:24
羊东矿,0000033A06,副斜车房温度,温度,17.20,℃,2020-10-16 05:01:24
羊东矿,0000033A08,-110治水泵房温度,温度,23.70,℃,2020-10-16 05:01:24
羊东矿,0000033A09,南井正前进风甲烷激,甲烷,0.00,%CH4,2020-10-16 05:01:24
羊东矿,0000033D10,南井正前进风风向,开停,停,,2020-10-16 05:01:24
羊东矿,0000037A05,佐城二号总回风速,风速,4.50,m/s,2020-10-16 05:01:24
羊东矿,0000037A06,佐城二号总回甲烷,甲烷,0.05,%CH4,2020-10-16 05:01:24
羊东矿,0000037A07,42采区回风巷甲烷,甲烷,0.10,%CH4,2020-10-16 05:01:24
羊东矿,0000031A07,8470运料巷配巷掘进面回风风速,风速,1.30,m/s,2020-10-16 05:02:16
羊东矿,0000031A08,8470运料巷配巷掘进面加密甲烷,甲烷,0.00,%CH4,2020-10-16 05:02:16
羊东矿,0000031A09,8470运料巷配巷掘进面甲烷T1,甲烷,0.04,%CH4,2020-10-16 05:02:16
羊东矿,0000031A12,8470运料巷配巷掘进面粉尘,粉尘浓度,0.00,mg/ m3,2020-10-16 05:02:16
羊东矿,0000031A14,8470运料巷配巷掘进面分风口甲烷T4,甲烷,0.00,%CH4,2020-10-16 05:02:16
羊东矿,0000031C01,8470运料巷配巷掘进面动力断电,断电控制器,复电,,2020-10-16 05:02:16
羊东矿,0000031D02,8470运料巷配巷掘进面动力馈电,馈电传感器,负荷侧有电压,,2020-10-16 05:02:16
羊东矿,0000031D03,8470运料巷配巷掘进面副风机,开停,停,,2020-10-16 05:02:16
羊东矿,0000031D04,8470运料巷配巷掘进面主风机,开停,开,,2020-10-16 05:02:16
羊东矿,0000031D10,8470运料巷配巷掘进面风筒,风筒开关传感器,风筒有风,,2020-10-16 05:02:16
羊东矿,0000031D13,8470运料巷配巷掘进面主风机馈电,馈电传感器,负荷侧有电压,,2020-10-16 05:02:16
羊东矿,0000031D15,8470运料巷配巷掘进面副风机馈电,馈电传感器,负荷侧有电压,,2020-10-16 05:02:16
羊东矿,0000031D16,8470运料巷配巷掘进面风向,开停,开,,2020-10-16 05:02:16
羊东矿,0000032A04,42区永久避难硐室后门过渡室CO.,一氧化碳,0.00,ppm,2020-10-16 05:02:16
羊东矿,0000032A05,42区永久避难硐室后门CO,一氧化碳,0.00,ppm,2020-10-16 05:02:16
羊东矿,0000032A06,42区永久避难硐室后门CO2,二氧化碳,0.00,%,2020-10-16 05:02:16
羊东矿,0000032A07,42区永久避难硐室后门甲烷激,甲烷,0.00,%CH4,2020-10-16 05:02:16
羊东矿,0000032A09,42皮带上部进风甲烷激,甲烷,0.03,%CH4,2020-10-16 05:02:16
羊东矿,0000032A10,42区永久避难硐室生存室CO2,二氧化碳,0.01,%,2020-10-16 05:02:16
羊东矿,0000032A13,42回风改造甲烷,甲烷,0.08,%CH4,2020-10-16 05:02:16
羊东矿,0000032A15,42回风改造风速,风速,2.60,m/s,2020-10-16 05:02:16
羊东矿,0000032D12,42皮带上部进风风向,开停,开,,2020-10-16 05:02:16
羊东矿,0000033A05,进风道猴车车房温度,温度,20.40,℃,2020-10-16 05:02:16
羊东矿,0000033A06,副斜车房温度,温度,17.20,℃,2020-10-16 05:02:16
羊东矿,0000033A08,-110治水泵房温度,温度,23.80,℃,2020-10-16 05:02:16
羊东矿,0000033A09,南井正前进风甲烷激,甲烷,0.00,%CH4,2020-10-16 05:02:16
羊东矿,0000033D10,南井正前进风风向,开停,停,,2020-10-16 05:02:16
羊东矿,0000037A05,佐城二号总回风速,风速,4.50,m/s,2020-10-16 05:02:16
羊东矿,0000037A06,佐城二号总回甲烷,甲烷,0.05,%CH4,2020-10-16 05:02:16
羊东矿,0000037A07,42采区回风巷甲烷,甲烷,0.10,%CH4,2020-10-16 05:02:16
羊东矿,0000031A07,8470运料巷配巷掘进面回风风速,风速,1.30,m/s,2020-10-16 05:02:43
羊东矿,0000031A08,8470运料巷配巷掘进面加密甲烷,甲烷,0.00,%CH4,2020-10-16 05:02:43
羊东矿,0000031A09,8470运料巷配巷掘进面甲烷T1,甲烷,0.04,%CH4,2020-10-16 05:02:43
羊东矿,0000031A12,8470运料巷配巷掘进面粉尘,粉尘浓度,0.00,mg/ m3,2020-10-16 05:02:43
羊东矿,0000031A14,8470运料巷配巷掘进面分风口甲烷T4,甲烷,0.00,%CH4,2020-10-16 05:02:43
羊东矿,0000031C01,8470运料巷配巷掘进面动力断电,断电控制器,复电,,2020-10-16 05:02:43
羊东矿,0000031D02,8470运料巷配巷掘进面动力馈电,馈电传感器,负荷侧有电压,,2020-10-16 05:02:43
羊东矿,0000031D03,8470运料巷配巷掘进面副风机,开停,停,,2020-10-16 05:02:43
羊东矿,0000031D04,8470运料巷配巷掘进面主风机,开停,开,,2020-10-16 05:02:43
羊东矿,0000031D10,8470运料巷配巷掘进面风筒,风筒开关传感器,风筒有风,,2020-10-16 05:02:43
羊东矿,0000031D13,8470运料巷配巷掘进面主风机馈电,馈电传感器,负荷侧有电压,,2020-10-16 05:02:43
羊东矿,0000031D15,8470运料巷配巷掘进面副风机馈电,馈电传感器,负荷侧有电压,,2020-10-16 05:02:43
羊东矿,0000031D16,8470运料巷配巷掘进面风向,开停,开,,2020-10-16 05:02:43
羊东矿,0000032A04,42区永久避难硐室后门过渡室CO.,一氧化碳,0.00,ppm,2020-10-16 05:02:43
羊东矿,0000032A05,42区永久避难硐室后门CO,一氧化碳,0.00,ppm,2020-10-16 05:02:43
羊东矿,0000032A06,42区永久避难硐室后门CO2,二氧化碳,0.00,%,2020-10-16 05:02:43
羊东矿,0000032A07,42区永久避难硐室后门甲烷激,甲烷,0.00,%CH4,2020-10-16 05:02:43
羊东矿,0000032A09,42皮带上部进风甲烷激,甲烷,0.02,%CH4,2020-10-16 05:02:43
羊东矿,0000032A10,42区永久避难硐室生存室CO2,二氧化碳,0.01,%,2020-10-16 05:02:43
羊东矿,0000032A13,42回风改造甲烷,甲烷,0.08,%CH4,2020-10-16 05:02:43
羊东矿,0000032A15,42回风改造风速,风速,2.70,m/s,2020-10-16 05:02:43
羊东矿,0000032D12,42皮带上部进风风向,开停,开,,2020-10-16 05:02:43
羊东矿,0000033A05,进风道猴车车房温度,温度,20.40,℃,2020-10-16 05:02:43
羊东矿,0000033A06,副斜车房温度,温度,17.20,℃,2020-10-16 05:02:43
羊东矿,0000033A08,-110治水泵房温度,温度,23.70,℃,2020-10-16 05:02:43
羊东矿,0000033A09,南井正前进风甲烷激,甲烷,0.00,%CH4,2020-10-16 05:02:43
羊东矿,0000033D10,南井正前进风风向,开停,停,,2020-10-16 05:02:43
羊东矿,0000037A05,佐城二号总回风速,风速,4.50,m/s,2020-10-16 05:02:43
羊东矿,0000037A06,佐城二号总回甲烷,甲烷,0.05,%CH4,2020-10-16 05:02:43
羊东矿,0000037A07,42采区回风巷甲烷,甲烷,0.10,%CH4,2020-10-16 05:02:43
羊东矿,0000031A07,8470运料巷配巷掘进面回风风速,风速,1.30,m/s,2020-10-16 05:02:43
羊东矿,0000031A08,8470运料巷配巷掘进面加密甲烷,甲烷,0.00,%CH4,2020-10-16 05:02:43
羊东矿,0000031A09,8470运料巷配巷掘进面甲烷T1,甲烷,0.04,%CH4,2020-10-16 05:02:43
羊东矿,0000031A12,8470运料巷配巷掘进面粉尘,粉尘浓度,0.00,mg/ m3,2020-10-16 05:02:43
羊东矿,0000031A14,8470运料巷配巷掘进面分风口甲烷T4,甲烷,0.00,%CH4,2020-10-16 05:02:43
羊东矿,0000031C01,8470运料巷配巷掘进面动力断电,断电控制器,复电,,2020-10-16 05:02:43
羊东矿,0000031D02,8470运料巷配巷掘进面动力馈电,馈电传感器,负荷侧有电压,,2020-10-16 05:02:43
羊东矿,0000031D03,8470运料巷配巷掘进面副风机,开停,停,,2020-10-16 05:02:43
羊东矿,0000031D04,8470运料巷配巷掘进面主风机,开停,开,,2020-10-16 05:02:43
羊东矿,0000031D10,8470运料巷配巷掘进面风筒,风筒开关传感器,风筒有风,,2020-10-16 05:02:43
羊东矿,0000031D13,8470运料巷配巷掘进面主风机馈电,馈电传感器,负荷侧有电压,,2020-10-16 05:02:43
羊东矿,0000031D15,8470运料巷配巷掘进面副风机馈电,馈电传感器,负荷侧有电压,,2020-10-16 05:02:43
羊东矿,0000031D16,8470运料巷配巷掘进面风向,开停,开,,2020-10-16 05:02:43
羊东矿,0000032A04,42区永久避难硐室后门过渡室CO.,一氧化碳,0.00,ppm,2020-10-16 05:02:43
羊东矿,0000032A05,42区永久避难硐室后门CO,一氧化碳,0.00,ppm,2020-10-16 05:02:43
羊东矿,0000032A06,42区永久避难硐室后门CO2,二氧化碳,0.00,%,2020-10-16 05:02:43
羊东矿,0000032A07,42区永久避难硐室后门甲烷激,甲烷,0.00,%CH4,2020-10-16 05:02:43
羊东矿,0000032A09,42皮带上部进风甲烷激,甲烷,0.02,%CH4,2020-10-16 05:02:43
羊东矿,0000032A10,42区永久避难硐室生存室CO2,二氧化碳,0.01,%,2020-10-16 05:02:43
羊东矿,0000032A13,42回风改造甲烷,甲烷,0.08,%CH4,2020-10-16 05:02:43
羊东矿,0000032A15,42回风改造风速,风速,2.70,m/s,2020-10-16 05:02:43
羊东矿,0000032D12,42皮带上部进风风向,开停,开,,2020-10-16 05:02:43
羊东矿,0000033A05,进风道猴车车房温度,温度,20.40,℃,2020-10-16 05:02:43
羊东矿,0000033A06,副斜车房温度,温度,17.20,℃,2020-10-16 05:02:43
羊东矿,0000033A08,-110治水泵房温度,温度,23.70,℃,2020-10-16 05:02:43
羊东矿,0000033A09,南井正前进风甲烷激,甲烷,0.00,%CH4,2020-10-16 05:02:43
羊东矿,0000033D10,南井正前进风风向,开停,停,,2020-10-16 05:02:43
羊东矿,0000037A05,佐城二号总回风速,风速,4.50,m/s,2020-10-16 05:02:43
羊东矿,0000037A06,佐城二号总回甲烷,甲烷,0.05,%CH4,2020-10-16 05:02:43
羊东矿,0000037A07,42采区回风巷甲烷,甲烷,0.10,%CH4,2020-10-16 05:02:43
羊东矿,0000031A07,8470运料巷配巷掘进面回风风速,风速,1.30,m/s,2020-10-16 05:03:09
羊东矿,0000031A08,8470运料巷配巷掘进面加密甲烷,甲烷,0.00,%CH4,2020-10-16 05:03:09
羊东矿,0000031A09,8470运料巷配巷掘进面甲烷T1,甲烷,0.04,%CH4,2020-10-16 05:03:09
羊东矿,0000031A12,8470运料巷配巷掘进面粉尘,粉尘浓度,0.00,mg/ m3,2020-10-16 05:03:09
羊东矿,0000031A14,8470运料巷配巷掘进面分风口甲烷T4,甲烷,0.00,%CH4,2020-10-16 05:03:09
羊东矿,0000031C01,8470运料巷配巷掘进面动力断电,断电控制器,复电,,2020-10-16 05:03:09
羊东矿,0000031D02,8470运料巷配巷掘进面动力馈电,馈电传感器,负荷侧有电压,,2020-10-16 05:03:09
羊东矿,0000031D03,8470运料巷配巷掘进面副风机,开停,停,,2020-10-16 05:03:09
羊东矿,0000031D04,8470运料巷配巷掘进面主风机,开停,开,,2020-10-16 05:03:09
羊东矿,0000031D10,8470运料巷配巷掘进面风筒,风筒开关传感器,风筒有风,,2020-10-16 05:03:09
羊东矿,0000031D13,8470运料巷配巷掘进面主风机馈电,馈电传感器,负荷侧有电压,,2020-10-16 05:03:09
羊东矿,0000031D15,8470运料巷配巷掘进面副风机馈电,馈电传感器,负荷侧有电压,,2020-10-16 05:03:09
羊东矿,0000031D16,8470运料巷配巷掘进面风向,开停,开,,2020-10-16 05:03:09
羊东矿,0000032A04,42区永久避难硐室后门过渡室CO.,一氧化碳,0.00,ppm,2020-10-16 05:03:09
羊东矿,0000032A05,42区永久避难硐室后门CO,一氧化碳,0.00,ppm,2020-10-16 05:03:09
羊东矿,0000032A06,42区永久避难硐室后门CO2,二氧化碳,0.00,%,2020-10-16 05:03:09
羊东矿,0000032A07,42区永久避难硐室后门甲烷激,甲烷,0.00,%CH4,2020-10-16 05:03:09
羊东矿,0000032A09,42皮带上部进风甲烷激,甲烷,0.03,%CH4,2020-10-16 05:03:09
羊东矿,0000032A10,42区永久避难硐室生存室CO2,二氧化碳,0.01,%,2020-10-16 05:03:09
羊东矿,0000032A13,42回风改造甲烷,甲烷,0.08,%CH4,2020-10-16 05:03:09
羊东矿,0000032A15,42回风改造风速,风速,2.60,m/s,2020-10-16 05:03:09
羊东矿,0000032D12,42皮带上部进风风向,开停,开,,2020-10-16 05:03:09
羊东矿,0000033A05,进风道猴车车房温度,温度,20.40,℃,2020-10-16 05:03:09
羊东矿,0000033A06,副斜车房温度,温度,17.20,℃,2020-10-16 05:03:09
羊东矿,0000033A08,-110治水泵房温度,温度,23.70,℃,2020-10-16 05:03:09
羊东矿,0000033A09,南井正前进风甲烷激,甲烷,0.00,%CH4,2020-10-16 05:03:09
羊东矿,0000033D10,南井正前进风风向,开停,停,,2020-10-16 05:03:09
羊东矿,0000037A05,佐城二号总回风速,风速,4.60,m/s,2020-10-16 05:03:09
羊东矿,0000037A06,佐城二号总回甲烷,甲烷,0.05,%CH4,2020-10-16 05:03:09
羊东矿,0000037A07,42采区回风巷甲烷,甲烷,0.10,%CH4,2020-10-16 05:03:09
羊东矿,0000031A07,8470运料巷配巷掘进面回风风速,风速,1.30,m/s,2020-10-16 05:04:01
羊东矿,0000031A08,8470运料巷配巷掘进面加密甲烷,甲烷,0.00,%CH4,2020-10-16 05:04:01
羊东矿,0000031A09,8470运料巷配巷掘进面甲烷T1,甲烷,0.04,%CH4,2020-10-16 05:04:01
羊东矿,0000031A12,8470运料巷配巷掘进面粉尘,粉尘浓度,0.00,mg/ m3,2020-10-16 05:04:01
羊东矿,0000031A14,8470运料巷配巷掘进面分风口甲烷T4,甲烷,0.00,%CH4,2020-10-16 05:04:01
羊东矿,0000031C01,8470运料巷配巷掘进面动力断电,断电控制器,复电,,2020-10-16 05:04:01
羊东矿,0000031D02,8470运料巷配巷掘进面动力馈电,馈电传感器,负荷侧有电压,,2020-10-16 05:04:01
羊东矿,0000031D03,8470运料巷配巷掘进面副风机,开停,停,,2020-10-16 05:04:01
羊东矿,0000031D04,8470运料巷配巷掘进面主风机,开停,开,,2020-10-16 05:04:01
羊东矿,0000031D10,8470运料巷配巷掘进面风筒,风筒开关传感器,风筒有风,,2020-10-16 05:04:01
羊东矿,0000031D13,8470运料巷配巷掘进面主风机馈电,馈电传感器,负荷侧有电压,,2020-10-16 05:04:01
羊东矿,0000031D15,8470运料巷配巷掘进面副风机馈电,馈电传感器,负荷侧有电压,,2020-10-16 05:04:01
羊东矿,0000031D16,8470运料巷配巷掘进面风向,开停,开,,2020-10-16 05:04:01
羊东矿,0000032A04,42区永久避难硐室后门过渡室CO.,一氧化碳,0.00,ppm,2020-10-16 05:04:01
羊东矿,0000032A05,42区永久避难硐室后门CO,一氧化碳,0.00,ppm,2020-10-16 05:04:01
羊东矿,0000032A06,42区永久避难硐室后门CO2,二氧化碳,0.00,%,2020-10-16 05:04:01
羊东矿,0000032A07,42区永久避难硐室后门甲烷激,甲烷,0.00,%CH4,2020-10-16 05:04:01
羊东矿,0000032A09,42皮带上部进风甲烷激,甲烷,0.03,%CH4,2020-10-16 05:04:01
羊东矿,0000032A10,42区永久避难硐室生存室CO2,二氧化碳,0.01,%,2020-10-16 05:04:01
羊东矿,0000032A13,42回风改造甲烷,甲烷,0.08,%CH4,2020-10-16 05:04:01
羊东矿,0000032A15,42回风改造风速,风速,2.50,m/s,2020-10-16 05:04:01
羊东矿,0000032D12,42皮带上部进风风向,开停,开,,2020-10-16 05:04:01
羊东矿,0000033A05,进风道猴车车房温度,温度,20.40,℃,2020-10-16 05:04:01
羊东矿,0000033A06,副斜车房温度,温度,17.20,℃,2020-10-16 05:04:01
羊东矿,0000033A08,-110治水泵房温度,温度,23.70,℃,2020-10-16 05:04:01
羊东矿,0000033A09,南井正前进风甲烷激,甲烷,0.00,%CH4,2020-10-16 05:04:01
羊东矿,0000033D10,南井正前进风风向,开停,停,,2020-10-16 05:04:01
羊东矿,0000037A05,佐城二号总回风速,风速,4.60,m/s,2020-10-16 05:04:01
羊东矿,0000037A06,佐城二号总回甲烷,甲烷,0.05,%CH4,2020-10-16 05:04:01
羊东矿,0000037A07,42采区回风巷甲烷,甲烷,0.10,%CH4,2020-10-16 05:04:01
羊东矿,0000031A07,8470运料巷配巷掘进面回风风速,风速,1.20,m/s,2020-10-16 05:04:28
羊东矿,0000031A08,8470运料巷配巷掘进面加密甲烷,甲烷,0.00,%CH4,2020-10-16 05:04:28
羊东矿,0000031A09,8470运料巷配巷掘进面甲烷T1,甲烷,0.04,%CH4,2020-10-16 05:04:28
羊东矿,0000031A12,8470运料巷配巷掘进面粉尘,粉尘浓度,0.00,mg/ m3,2020-10-16 05:04:28
羊东矿,0000031A14,8470运料巷配巷掘进面分风口甲烷T4,甲烷,0.00,%CH4,2020-10-16 05:04:28
羊东矿,0000031C01,8470运料巷配巷掘进面动力断电,断电控制器,复电,,2020-10-16 05:04:28
羊东矿,0000031D02,8470运料巷配巷掘进面动力馈电,馈电传感器,负荷侧有电压,,2020-10-16 05:04:28
羊东矿,0000031D03,8470运料巷配巷掘进面副风机,开停,停,,2020-10-16 05:04:28
羊东矿,0000031D04,8470运料巷配巷掘进面主风机,开停,开,,2020-10-16 05:04:28
羊东矿,0000031D10,8470运料巷配巷掘进面风筒,风筒开关传感器,风筒有风,,2020-10-16 05:04:28
羊东矿,0000031D13,8470运料巷配巷掘进面主风机馈电,馈电传感器,负荷侧有电压,,2020-10-16 05:04:28
羊东矿,0000031D15,8470运料巷配巷掘进面副风机馈电,馈电传感器,负荷侧有电压,,2020-10-16 05:04:28
羊东矿,0000031D16,8470运料巷配巷掘进面风向,开停,开,,2020-10-16 05:04:28
羊东矿,0000032A04,42区永久避难硐室后门过渡室CO.,一氧化碳,0.00,ppm,2020-10-16 05:04:28
羊东矿,0000032A05,42区永久避难硐室后门CO,一氧化碳,0.00,ppm,2020-10-16 05:04:28
羊东矿,0000032A06,42区永久避难硐室后门CO2,二氧化碳,0.00,%,2020-10-16 05:04:28
羊东矿,0000032A07,42区永久避难硐室后门甲烷激,甲烷,0.00,%CH4,2020-10-16 05:04:28
羊东矿,0000032A09,42皮带上部进风甲烷激,甲烷,0.03,%CH4,2020-10-16 05:04:28
羊东矿,0000032A10,42区永久避难硐室生存室CO2,二氧化碳,0.01,%,2020-10-16 05:04:28
羊东矿,0000032A13,42回风改造甲烷,甲烷,0.08,%CH4,2020-10-16 05:04:28
羊东矿,0000032A15,42回风改造风速,风速,2.50,m/s,2020-10-16 05:04:28
羊东矿,0000032D12,42皮带上部进风风向,开停,开,,2020-10-16 05:04:28
羊东矿,0000033A05,进风道猴车车房温度,温度,20.40,℃,2020-10-16 05:04:28
羊东矿,0000033A06,副斜车房温度,温度,17.20,℃,2020-10-16 05:04:28
羊东矿,0000033A08,-110治水泵房温度,温度,23.80,℃,2020-10-16 05:04:28
羊东矿,0000033A09,南井正前进风甲烷激,甲烷,0.00,%CH4,2020-10-16 05:04:28
羊东矿,0000033D10,南井正前进风风向,开停,停,,2020-10-16 05:04:28
羊东矿,0000037A05,佐城二号总回风速,风速,4.60,m/s,2020-10-16 05:04:28
羊东矿,0000037A06,佐城二号总回甲烷,甲烷,0.05,%CH4,2020-10-16 05:04:28
羊东矿,0000037A07,42采区回风巷甲烷,甲烷,0.10,%CH4,2020-10-16 05:04:28
羊东矿,0000031A07,8470运料巷配巷掘进面回风风速,风速,1.30,m/s,2020-10-16 05:04:54
羊东矿,0000031A08,8470运料巷配巷掘进面加密甲烷,甲烷,0.00,%CH4,2020-10-16 05:04:54
羊东矿,0000031A09,8470运料巷配巷掘进面甲烷T1,甲烷,0.04,%CH4,2020-10-16 05:04:54
羊东矿,0000031A12,8470运料巷配巷掘进面粉尘,粉尘浓度,0.00,mg/ m3,2020-10-16 05:04:54
羊东矿,0000031A14,8470运料巷配巷掘进面分风口甲烷T4,甲烷,0.00,%CH4,2020-10-16 05:04:54
羊东矿,0000031C01,8470运料巷配巷掘进面动力断电,断电控制器,复电,,2020-10-16 05:04:54
羊东矿,0000031D02,8470运料巷配巷掘进面动力馈电,馈电传感器,负荷侧有电压,,2020-10-16 05:04:54
羊东矿,0000031D03,8470运料巷配巷掘进面副风机,开停,停,,2020-10-16 05:04:54
羊东矿,0000031D04,8470运料巷配巷掘进面主风机,开停,开,,2020-10-16 05:04:54
羊东矿,0000031D10,8470运料巷配巷掘进面风筒,风筒开关传感器,风筒有风,,2020-10-16 05:04:54
羊东矿,0000031D13,8470运料巷配巷掘进面主风机馈电,馈电传感器,负荷侧有电压,,2020-10-16 05:04:54
羊东矿,0000031D15,8470运料巷配巷掘进面副风机馈电,馈电传感器,负荷侧有电压,,2020-10-16 05:04:54
羊东矿,0000031D16,8470运料巷配巷掘进面风向,开停,开,,2020-10-16 05:04:54
羊东矿,0000032A04,42区永久避难硐室后门过渡室CO.,一氧化碳,0.00,ppm,2020-10-16 05:04:54
羊东矿,0000032A05,42区永久避难硐室后门CO,一氧化碳,0.00,ppm,2020-10-16 05:04:54
羊东矿,0000032A06,42区永久避难硐室后门CO2,二氧化碳,0.00,%,2020-10-16 05:04:54
羊东矿,0000032A07,42区永久避难硐室后门甲烷激,甲烷,0.00,%CH4,2020-10-16 05:04:54
羊东矿,0000032A09,42皮带上部进风甲烷激,甲烷,0.03,%CH4,2020-10-16 05:04:54
羊东矿,0000032A10,42区永久避难硐室生存室CO2,二氧化碳,0.01,%,2020-10-16 05:04:54
羊东矿,0000032A13,42回风改造甲烷,甲烷,0.08,%CH4,2020-10-16 05:04:54
羊东矿,0000032A15,42回风改造风速,风速,2.50,m/s,2020-10-16 05:04:54
羊东矿,0000032D12,42皮带上部进风风向,开停,开,,2020-10-16 05:04:54
羊东矿,0000033A05,进风道猴车车房温度,温度,20.40,℃,2020-10-16 05:04:54
羊东矿,0000033A06,副斜车房温度,温度,17.20,℃,2020-10-16 05:04:54
羊东矿,0000033A08,-110治水泵房温度,温度,23.80,℃,2020-10-16 05:04:54
羊东矿,0000033A09,南井正前进风甲烷激,甲烷,0.00,%CH4,2020-10-16 05:04:54
羊东矿,0000033D10,南井正前进风风向,开停,停,,2020-10-16 05:04:54
羊东矿,0000037A05,佐城二号总回风速,风速,4.50,m/s,2020-10-16 05:04:54
羊东矿,0000037A06,佐城二号总回甲烷,甲烷,0.05,%CH4,2020-10-16 05:04:54
羊东矿,0000037A07,42采区回风巷甲烷,甲烷,0.10,%CH4,2020-10-16 05:04:54
羊东矿,0000031A07,8470运料巷配巷掘进面回风风速,风速,1.30,m/s,2020-10-16 05:05:47
羊东矿,0000031A08,8470运料巷配巷掘进面加密甲烷,甲烷,0.00,%CH4,2020-10-16 05:05:47
羊东矿,0000031A09,8470运料巷配巷掘进面甲烷T1,甲烷,0.04,%CH4,2020-10-16 05:05:47
羊东矿,0000031A12,8470运料巷配巷掘进面粉尘,粉尘浓度,0.00,mg/ m3,2020-10-16 05:05:47
羊东矿,0000031A14,8470运料巷配巷掘进面分风口甲烷T4,甲烷,0.00,%CH4,2020-10-16 05:05:47
羊东矿,0000031C01,8470运料巷配巷掘进面动力断电,断电控制器,复电,,2020-10-16 05:05:47
羊东矿,0000031D02,8470运料巷配巷掘进面动力馈电,馈电传感器,负荷侧有电压,,2020-10-16 05:05:47
羊东矿,0000031D03,8470运料巷配巷掘进面副风机,开停,停,,2020-10-16 05:05:47
羊东矿,0000031D04,8470运料巷配巷掘进面主风机,开停,开,,2020-10-16 05:05:47
羊东矿,0000031D10,8470运料巷配巷掘进面风筒,风筒开关传感器,风筒有风,,2020-10-16 05:05:47
羊东矿,0000031D13,8470运料巷配巷掘进面主风机馈电,馈电传感器,负荷侧有电压,,2020-10-16 05:05:47
羊东矿,0000031D15,8470运料巷配巷掘进面副风机馈电,馈电传感器,负荷侧有电压,,2020-10-16 05:05:47
羊东矿,0000031D16,8470运料巷配巷掘进面风向,开停,开,,2020-10-16 05:05:47
羊东矿,0000032A04,42区永久避难硐室后门过渡室CO.,一氧化碳,0.00,ppm,2020-10-16 05:05:47
羊东矿,0000032A05,42区永久避难硐室后门CO,一氧化碳,0.00,ppm,2020-10-16 05:05:47
羊东矿,0000032A06,42区永久避难硐室后门CO2,二氧化碳,0.00,%,2020-10-16 05:05:47
羊东矿,0000032A07,42区永久避难硐室后门甲烷激,甲烷,0.00,%CH4,2020-10-16 05:05:47
羊东矿,0000032A09,42皮带上部进风甲烷激,甲烷,0.03,%CH4,2020-10-16 05:05:47
羊东矿,0000032A10,42区永久避难硐室生存室CO2,二氧化碳,0.01,%,2020-10-16 05:05:47
羊东矿,0000032A13,42回风改造甲烷,甲烷,0.08,%CH4,2020-10-16 05:05:47
羊东矿,0000032A15,42回风改造风速,风速,2.50,m/s,2020-10-16 05:05:47
羊东矿,0000032D12,42皮带上部进风风向,开停,开,,2020-10-16 05:05:47
羊东矿,0000033A05,进风道猴车车房温度,温度,20.40,℃,2020-10-16 05:05:47
羊东矿,0000033A06,副斜车房温度,温度,17.20,℃,2020-10-16 05:05:47
羊东矿,0000033A08,-110治水泵房温度,温度,23.80,℃,2020-10-16 05:05:47
羊东矿,0000033A09,南井正前进风甲烷激,甲烷,0.00,%CH4,2020-10-16 05:05:47
羊东矿,0000033D10,南井正前进风风向,开停,停,,2020-10-16 05:05:47
羊东矿,0000037A05,佐城二号总回风速,风速,4.50,m/s,2020-10-16 05:05:47
羊东矿,0000037A06,佐城二号总回甲烷,甲烷,0.05,%CH4,2020-10-16 05:05:47
羊东矿,0000037A07,42采区回风巷甲烷,甲烷,0.11,%CH4,2020-10-16 05:05:47
羊东矿,0000031A07,8470运料巷配巷掘进面回风风速,风速,1.30,m/s,2020-10-16 05:06:13
羊东矿,0000031A08,8470运料巷配巷掘进面加密甲烷,甲烷,0.00,%CH4,2020-10-16 05:06:13
羊东矿,0000031A09,8470运料巷配巷掘进面甲烷T1,甲烷,0.04,%CH4,2020-10-16 05:06:13
羊东矿,0000031A12,8470运料巷配巷掘进面粉尘,粉尘浓度,0.00,mg/ m3,2020-10-16 05:06:13
羊东矿,0000031A14,8470运料巷配巷掘进面分风口甲烷T4,甲烷,0.00,%CH4,2020-10-16 05:06:13
羊东矿,0000031C01,8470运料巷配巷掘进面动力断电,断电控制器,复电,,2020-10-16 05:06:13
羊东矿,0000031D02,8470运料巷配巷掘进面动力馈电,馈电传感器,负荷侧有电压,,2020-10-16 05:06:13
羊东矿,0000031D03,8470运料巷配巷掘进面副风机,开停,停,,2020-10-16 05:06:13
羊东矿,0000031D04,8470运料巷配巷掘进面主风机,开停,开,,2020-10-16 05:06:13
羊东矿,0000031D10,8470运料巷配巷掘进面风筒,风筒开关传感器,风筒有风,,2020-10-16 05:06:13
羊东矿,0000031D13,8470运料巷配巷掘进面主风机馈电,馈电传感器,负荷侧有电压,,2020-10-16 05:06:13
羊东矿,0000031D15,8470运料巷配巷掘进面副风机馈电,馈电传感器,负荷侧有电压,,2020-10-16 05:06:13
羊东矿,0000031D16,8470运料巷配巷掘进面风向,开停,开,,2020-10-16 05:06:13
羊东矿,0000032A04,42区永久避难硐室后门过渡室CO.,一氧化碳,0.00,ppm,2020-10-16 05:06:13
羊东矿,0000032A05,42区永久避难硐室后门CO,一氧化碳,0.00,ppm,2020-10-16 05:06:13
羊东矿,0000032A06,42区永久避难硐室后门CO2,二氧化碳,0.00,%,2020-10-16 05:06:13
羊东矿,0000032A07,42区永久避难硐室后门甲烷激,甲烷,0.00,%CH4,2020-10-16 05:06:13
羊东矿,0000032A09,42皮带上部进风甲烷激,甲烷,0.03,%CH4,2020-10-16 05:06:13
羊东矿,0000032A10,42区永久避难硐室生存室CO2,二氧化碳,0.01,%,2020-10-16 05:06:13
羊东矿,0000032A13,42回风改造甲烷,甲烷,0.08,%CH4,2020-10-16 05:06:13
羊东矿,0000032A15,42回风改造风速,风速,2.60,m/s,2020-10-16 05:06:13
羊东矿,0000032D12,42皮带上部进风风向,开停,开,,2020-10-16 05:06:13
羊东矿,0000033A05,进风道猴车车房温度,温度,20.40,℃,2020-10-16 05:06:13
羊东矿,0000033A06,副斜车房温度,温度,17.20,℃,2020-10-16 05:06:13
羊东矿,0000033A08,-110治水泵房温度,温度,23.80,℃,2020-10-16 05:06:13
羊东矿,0000033A09,南井正前进风甲烷激,甲烷,0.00,%CH4,2020-10-16 05:06:13
羊东矿,0000033D10,南井正前进风风向,开停,停,,2020-10-16 05:06:13
羊东矿,0000037A05,佐城二号总回风速,风速,4.60,m/s,2020-10-16 05:06:13
羊东矿,0000037A06,佐城二号总回甲烷,甲烷,0.05,%CH4,2020-10-16 05:06:13
羊东矿,0000037A07,42采区回风巷甲烷,甲烷,0.10,%CH4,2020-10-16 05:06:13
羊东矿,0000031A07,8470运料巷配巷掘进面回风风速,风速,1.30,m/s,2020-10-16 05:06:39
羊东矿,0000031A08,8470运料巷配巷掘进面加密甲烷,甲烷,0.00,%CH4,2020-10-16 05:06:39
羊东矿,0000031A09,8470运料巷配巷掘进面甲烷T1,甲烷,0.04,%CH4,2020-10-16 05:06:39
羊东矿,0000031A12,8470运料巷配巷掘进面粉尘,粉尘浓度,0.00,mg/ m3,2020-10-16 05:06:39
羊东矿,0000031A14,8470运料巷配巷掘进面分风口甲烷T4,甲烷,0.00,%CH4,2020-10-16 05:06:39
羊东矿,0000031C01,8470运料巷配巷掘进面动力断电,断电控制器,复电,,2020-10-16 05:06:39
羊东矿,0000031D02,8470运料巷配巷掘进面动力馈电,馈电传感器,负荷侧有电压,,2020-10-16 05:06:39
羊东矿,0000031D03,8470运料巷配巷掘进面副风机,开停,停,,2020-10-16 05:06:39
羊东矿,0000031D04,8470运料巷配巷掘进面主风机,开停,开,,2020-10-16 05:06:39
羊东矿,0000031D10,8470运料巷配巷掘进面风筒,风筒开关传感器,风筒有风,,2020-10-16 05:06:39
羊东矿,0000031D13,8470运料巷配巷掘进面主风机馈电,馈电传感器,负荷侧有电压,,2020-10-16 05:06:39
羊东矿,0000031D15,8470运料巷配巷掘进面副风机馈电,馈电传感器,负荷侧有电压,,2020-10-16 05:06:39
羊东矿,0000031D16,8470运料巷配巷掘进面风向,开停,开,,2020-10-16 05:06:39
羊东矿,0000032A04,42区永久避难硐室后门过渡室CO.,一氧化碳,0.00,ppm,2020-10-16 05:06:39
羊东矿,0000032A05,42区永久避难硐室后门CO,一氧化碳,0.00,ppm,2020-10-16 05:06:39
羊东矿,0000032A06,42区永久避难硐室后门CO2,二氧化碳,0.00,%,2020-10-16 05:06:39
羊东矿,0000032A07,42区永久避难硐室后门甲烷激,甲烷,0.00,%CH4,2020-10-16 05:06:39
羊东矿,0000032A09,42皮带上部进风甲烷激,甲烷,0.02,%CH4,2020-10-16 05:06:39
羊东矿,0000032A10,42区永久避难硐室生存室CO2,二氧化碳,0.01,%,2020-10-16 05:06:39
羊东矿,0000032A13,42回风改造甲烷,甲烷,0.08,%CH4,2020-10-16 05:06:39
羊东矿,0000032A15,42回风改造风速,风速,2.60,m/s,2020-10-16 05:06:39
羊东矿,0000032D12,42皮带上部进风风向,开停,开,,2020-10-16 05:06:39
羊东矿,0000033A05,进风道猴车车房温度,温度,20.40,℃,2020-10-16 05:06:39
羊东矿,0000033A06,副斜车房温度,温度,17.20,℃,2020-10-16 05:06:39
羊东矿,0000033A08,-110治水泵房温度,温度,23.90,℃,2020-10-16 05:06:39
羊东矿,0000033A09,南井正前进风甲烷激,甲烷,0.00,%CH4,2020-10-16 05:06:39
羊东矿,0000033D10,南井正前进风风向,开停,停,,2020-10-16 05:06:39
羊东矿,0000037A05,佐城二号总回风速,风速,4.50,m/s,2020-10-16 05:06:39
羊东矿,0000037A06,佐城二号总回甲烷,甲烷,0.05,%CH4,2020-10-16 05:06:39
羊东矿,0000037A07,42采区回风巷甲烷,甲烷,0.10,%CH4,2020-10-16 05:06:39
羊东矿,0000031A07,8470运料巷配巷掘进面回风风速,风速,1.30,m/s,2020-10-16 05:06:39
羊东矿,0000031A08,8470运料巷配巷掘进面加密甲烷,甲烷,0.00,%CH4,2020-10-16 05:06:39
羊东矿,0000031A09,8470运料巷配巷掘进面甲烷T1,甲烷,0.04,%CH4,2020-10-16 05:06:39
羊东矿,0000031A12,8470运料巷配巷掘进面粉尘,粉尘浓度,0.00,mg/ m3,2020-10-16 05:06:39
羊东矿,0000031A14,8470运料巷配巷掘进面分风口甲烷T4,甲烷,0.00,%CH4,2020-10-16 05:06:39
羊东矿,0000031C01,8470运料巷配巷掘进面动力断电,断电控制器,复电,,2020-10-16 05:06:39
羊东矿,0000031D02,8470运料巷配巷掘进面动力馈电,馈电传感器,负荷侧有电压,,2020-10-16 05:06:39
羊东矿,0000031D03,8470运料巷配巷掘进面副风机,开停,停,,2020-10-16 05:06:39
羊东矿,0000031D04,8470运料巷配巷掘进面主风机,开停,开,,2020-10-16 05:06:39
羊东矿,0000031D10,8470运料巷配巷掘进面风筒,风筒开关传感器,风筒有风,,2020-10-16 05:06:39
羊东矿,0000031D13,8470运料巷配巷掘进面主风机馈电,馈电传感器,负荷侧有电压,,2020-10-16 05:06:39
羊东矿,0000031D15,8470运料巷配巷掘进面副风机馈电,馈电传感器,负荷侧有电压,,2020-10-16 05:06:39
羊东矿,0000031D16,8470运料巷配巷掘进面风向,开停,开,,2020-10-16 05:06:39
羊东矿,0000032A04,42区永久避难硐室后门过渡室CO.,一氧化碳,0.00,ppm,2020-10-16 05:06:39
羊东矿,0000032A05,42区永久避难硐室后门CO,一氧化碳,0.00,ppm,2020-10-16 05:06:39
羊东矿,0000032A06,42区永久避难硐室后门CO2,二氧化碳,0.00,%,2020-10-16 05:06:39
羊东矿,0000032A07,42区永久避难硐室后门甲烷激,甲烷,0.00,%CH4,2020-10-16 05:06:39
羊东矿,0000032A09,42皮带上部进风甲烷激,甲烷,0.02,%CH4,2020-10-16 05:06:39
羊东矿,0000032A10,42区永久避难硐室生存室CO2,二氧化碳,0.01,%,2020-10-16 05:06:39
羊东矿,0000032A13,42回风改造甲烷,甲烷,0.08,%CH4,2020-10-16 05:06:39
羊东矿,0000032A15,42回风改造风速,风速,2.60,m/s,2020-10-16 05:06:39
羊东矿,0000032D12,42皮带上部进风风向,开停,开,,2020-10-16 05:06:39
羊东矿,0000033A05,进风道猴车车房温度,温度,20.40,℃,2020-10-16 05:06:39
羊东矿,0000033A06,副斜车房温度,温度,17.20,℃,2020-10-16 05:06:39
羊东矿,0000033A08,-110治水泵房温度,温度,23.90,℃,2020-10-16 05:06:39
羊东矿,0000033A09,南井正前进风甲烷激,甲烷,0.00,%CH4,2020-10-16 05:06:39
羊东矿,0000033D10,南井正前进风风向,开停,停,,2020-10-16 05:06:39
羊东矿,0000037A05,佐城二号总回风速,风速,4.50,m/s,2020-10-16 05:06:39
羊东矿,0000037A06,佐城二号总回甲烷,甲烷,0.05,%CH4,2020-10-16 05:06:39
羊东矿,0000037A07,42采区回风巷甲烷,甲烷,0.10,%CH4,2020-10-16 05:06:39
羊东矿,0000031A07,8470运料巷配巷掘进面回风风速,风速,1.30,m/s,2020-10-16 05:07:32
羊东矿,0000031A08,8470运料巷配巷掘进面加密甲烷,甲烷,0.00,%CH4,2020-10-16 05:07:32
羊东矿,0000031A09,8470运料巷配巷掘进面甲烷T1,甲烷,0.04,%CH4,2020-10-16 05:07:32
羊东矿,0000031A12,8470运料巷配巷掘进面粉尘,粉尘浓度,0.00,mg/ m3,2020-10-16 05:07:32
羊东矿,0000031A14,8470运料巷配巷掘进面分风口甲烷T4,甲烷,0.00,%CH4,2020-10-16 05:07:32
羊东矿,0000031C01,8470运料巷配巷掘进面动力断电,断电控制器,复电,,2020-10-16 05:07:32
羊东矿,0000031D02,8470运料巷配巷掘进面动力馈电,馈电传感器,负荷侧有电压,,2020-10-16 05:07:32
羊东矿,0000031D03,8470运料巷配巷掘进面副风机,开停,停,,2020-10-16 05:07:32
羊东矿,0000031D04,8470运料巷配巷掘进面主风机,开停,开,,2020-10-16 05:07:32
羊东矿,0000031D10,8470运料巷配巷掘进面风筒,风筒开关传感器,风筒有风,,2020-10-16 05:07:32
羊东矿,0000031D13,8470运料巷配巷掘进面主风机馈电,馈电传感器,负荷侧有电压,,2020-10-16 05:07:32
羊东矿,0000031D15,8470运料巷配巷掘进面副风机馈电,馈电传感器,负荷侧有电压,,2020-10-16 05:07:32
羊东矿,0000031D16,8470运料巷配巷掘进面风向,开停,开,,2020-10-16 05:07:32
羊东矿,0000032A04,42区永久避难硐室后门过渡室CO.,一氧化碳,0.00,ppm,2020-10-16 05:07:32
羊东矿,0000032A05,42区永久避难硐室后门CO,一氧化碳,0.00,ppm,2020-10-16 05:07:32
羊东矿,0000032A06,42区永久避难硐室后门CO2,二氧化碳,0.00,%,2020-10-16 05:07:32
羊东矿,0000032A07,42区永久避难硐室后门甲烷激,甲烷,0.00,%CH4,2020-10-16 05:07:32
羊东矿,0000032A09,42皮带上部进风甲烷激,甲烷,0.03,%CH4,2020-10-16 05:07:32
羊东矿,0000032A10,42区永久避难硐室生存室CO2,二氧化碳,0.01,%,2020-10-16 05:07:32
羊东矿,0000032A13,42回风改造甲烷,甲烷,0.08,%CH4,2020-10-16 05:07:32
羊东矿,0000032A15,42回风改造风速,风速,2.60,m/s,2020-10-16 05:07:32
羊东矿,0000032D12,42皮带上部进风风向,开停,开,,2020-10-16 05:07:32
羊东矿,0000033A05,进风道猴车车房温度,温度,20.40,℃,2020-10-16 05:07:32
羊东矿,0000033A06,副斜车房温度,温度,17.20,℃,2020-10-16 05:07:32
羊东矿,0000033A08,-110治水泵房温度,温度,23.90,℃,2020-10-16 05:07:32
羊东矿,0000033A09,南井正前进风甲烷激,甲烷,0.00,%CH4,2020-10-16 05:07:32
羊东矿,0000033D10,南井正前进风风向,开停,停,,2020-10-16 05:07:32
羊东矿,0000037A05,佐城二号总回风速,风速,4.50,m/s,2020-10-16 05:07:32
羊东矿,0000037A06,佐城二号总回甲烷,甲烷,0.05,%CH4,2020-10-16 05:07:32
羊东矿,0000037A07,42采区回风巷甲烷,甲烷,0.10,%CH4,2020-10-16 05:07:32
羊东矿,0000031A07,8470运料巷配巷掘进面回风风速,风速,1.30,m/s,2020-10-16 05:07:58
羊东矿,0000031A08,8470运料巷配巷掘进面加密甲烷,甲烷,0.00,%CH4,2020-10-16 05:07:58
羊东矿,0000031A09,8470运料巷配巷掘进面甲烷T1,甲烷,0.04,%CH4,2020-10-16 05:07:58
羊东矿,0000031A12,8470运料巷配巷掘进面粉尘,粉尘浓度,0.00,mg/ m3,2020-10-16 05:07:58
羊东矿,0000031A14,8470运料巷配巷掘进面分风口甲烷T4,甲烷,0.00,%CH4,2020-10-16 05:07:58
羊东矿,0000031C01,8470运料巷配巷掘进面动力断电,断电控制器,复电,,2020-10-16 05:07:58
羊东矿,0000031D02,8470运料巷配巷掘进面动力馈电,馈电传感器,负荷侧有电压,,2020-10-16 05:07:58
羊东矿,0000031D03,8470运料巷配巷掘进面副风机,开停,停,,2020-10-16 05:07:58
羊东矿,0000031D04,8470运料巷配巷掘进面主风机,开停,开,,2020-10-16 05:07:58
羊东矿,0000031D10,8470运料巷配巷掘进面风筒,风筒开关传感器,风筒有风,,2020-10-16 05:07:58
羊东矿,0000031D13,8470运料巷配巷掘进面主风机馈电,馈电传感器,负荷侧有电压,,2020-10-16 05:07:58
羊东矿,0000031D15,8470运料巷配巷掘进面副风机馈电,馈电传感器,负荷侧有电压,,2020-10-16 05:07:58
羊东矿,0000031D16,8470运料巷配巷掘进面风向,开停,开,,2020-10-16 05:07:58
羊东矿,0000032A04,42区永久避难硐室后门过渡室CO.,一氧化碳,0.00,ppm,2020-10-16 05:07:58
羊东矿,0000032A05,42区永久避难硐室后门CO,一氧化碳,0.00,ppm,2020-10-16 05:07:58
羊东矿,0000032A06,42区永久避难硐室后门CO2,二氧化碳,0.00,%,2020-10-16 05:07:58
羊东矿,0000032A07,42区永久避难硐室后门甲烷激,甲烷,0.00,%CH4,2020-10-16 05:07:58
羊东矿,0000032A09,42皮带上部进风甲烷激,甲烷,0.03,%CH4,2020-10-16 05:07:58
羊东矿,0000032A10,42区永久避难硐室生存室CO2,二氧化碳,0.01,%,2020-10-16 05:07:58
羊东矿,0000032A13,42回风改造甲烷,甲烷,0.08,%CH4,2020-10-16 05:07:58
羊东矿,0000032A15,42回风改造风速,风速,2.70,m/s,2020-10-16 05:07:58
羊东矿,0000032D12,42皮带上部进风风向,开停,开,,2020-10-16 05:07:58
羊东矿,0000033A05,进风道猴车车房温度,温度,20.40,℃,2020-10-16 05:07:58
羊东矿,0000033A06,副斜车房温度,温度,17.20,℃,2020-10-16 05:07:58
羊东矿,0000033A08,-110治水泵房温度,温度,24.00,℃,2020-10-16 05:07:58
羊东矿,0000033A09,南井正前进风甲烷激,甲烷,0.00,%CH4,2020-10-16 05:07:58
羊东矿,0000033D10,南井正前进风风向,开停,停,,2020-10-16 05:07:58
羊东矿,0000037A05,佐城二号总回风速,风速,4.50,m/s,2020-10-16 05:07:58
羊东矿,0000037A06,佐城二号总回甲烷,甲烷,0.05,%CH4,2020-10-16 05:07:58
羊东矿,0000037A07,42采区回风巷甲烷,甲烷,0.10,%CH4,2020-10-16 05:07:58
羊东矿,0000031A07,8470运料巷配巷掘进面回风风速,风速,1.30,m/s,2020-10-16 05:08:25
羊东矿,0000031A08,8470运料巷配巷掘进面加密甲烷,甲烷,0.00,%CH4,2020-10-16 05:08:25
羊东矿,0000031A09,8470运料巷配巷掘进面甲烷T1,甲烷,0.04,%CH4,2020-10-16 05:08:25
羊东矿,0000031A12,8470运料巷配巷掘进面粉尘,粉尘浓度,0.00,mg/ m3,2020-10-16 05:08:25
羊东矿,0000031A14,8470运料巷配巷掘进面分风口甲烷T4,甲烷,0.00,%CH4,2020-10-16 05:08:25
羊东矿,0000031C01,8470运料巷配巷掘进面动力断电,断电控制器,复电,,2020-10-16 05:08:25
羊东矿,0000031D02,8470运料巷配巷掘进面动力馈电,馈电传感器,负荷侧有电压,,2020-10-16 05:08:25
羊东矿,0000031D03,8470运料巷配巷掘进面副风机,开停,停,,2020-10-16 05:08:25
羊东矿,0000031D04,8470运料巷配巷掘进面主风机,开停,开,,2020-10-16 05:08:25
羊东矿,0000031D10,8470运料巷配巷掘进面风筒,风筒开关传感器,风筒有风,,2020-10-16 05:08:25
羊东矿,0000031D13,8470运料巷配巷掘进面主风机馈电,馈电传感器,负荷侧有电压,,2020-10-16 05:08:25
羊东矿,0000031D15,8470运料巷配巷掘进面副风机馈电,馈电传感器,负荷侧有电压,,2020-10-16 05:08:25
羊东矿,0000031D16,8470运料巷配巷掘进面风向,开停,开,,2020-10-16 05:08:25
羊东矿,0000032A04,42区永久避难硐室后门过渡室CO.,一氧化碳,0.00,ppm,2020-10-16 05:08:25
羊东矿,0000032A05,42区永久避难硐室后门CO,一氧化碳,0.00,ppm,2020-10-16 05:08:25
羊东矿,0000032A06,42区永久避难硐室后门CO2,二氧化碳,0.00,%,2020-10-16 05:08:25
羊东矿,0000032A07,42区永久避难硐室后门甲烷激,甲烷,0.00,%CH4,2020-10-16 05:08:25
羊东矿,0000032A09,42皮带上部进风甲烷激,甲烷,0.03,%CH4,2020-10-16 05:08:25
羊东矿,0000032A10,42区永久避难硐室生存室CO2,二氧化碳,0.01,%,2020-10-16 05:08:25
羊东矿,0000032A13,42回风改造甲烷,甲烷,0.08,%CH4,2020-10-16 05:08:25
羊东矿,0000032A15,42回风改造风速,风速,2.70,m/s,2020-10-16 05:08:25
羊东矿,0000032D12,42皮带上部进风风向,开停,开,,2020-10-16 05:08:25
羊东矿,0000033A05,进风道猴车车房温度,温度,20.40,℃,2020-10-16 05:08:25
羊东矿,0000033A06,副斜车房温度,温度,17.20,℃,2020-10-16 05:08:25
羊东矿,0000033A08,-110治水泵房温度,温度,23.90,℃,2020-10-16 05:08:25
羊东矿,0000033A09,南井正前进风甲烷激,甲烷,0.00,%CH4,2020-10-16 05:08:25
羊东矿,0000033D10,南井正前进风风向,开停,停,,2020-10-16 05:08:25
羊东矿,0000037A05,佐城二号总回风速,风速,4.60,m/s,2020-10-16 05:08:25
羊东矿,0000037A06,佐城二号总回甲烷,甲烷,0.05,%CH4,2020-10-16 05:08:25
羊东矿,0000037A07,42采区回风巷甲烷,甲烷,0.11,%CH4,2020-10-16 05:08:25
羊东矿,0000031A07,8470运料巷配巷掘进面回风风速,风速,1.40,m/s,2020-10-16 05:09:17
羊东矿,0000031A08,8470运料巷配巷掘进面加密甲烷,甲烷,0.00,%CH4,2020-10-16 05:09:17
羊东矿,0000031A09,8470运料巷配巷掘进面甲烷T1,甲烷,0.04,%CH4,2020-10-16 05:09:17
羊东矿,0000031A12,8470运料巷配巷掘进面粉尘,粉尘浓度,0.00,mg/ m3,2020-10-16 05:09:17
羊东矿,0000031A14,8470运料巷配巷掘进面分风口甲烷T4,甲烷,0.00,%CH4,2020-10-16 05:09:17
羊东矿,0000031C01,8470运料巷配巷掘进面动力断电,断电控制器,复电,,2020-10-16 05:09:17
羊东矿,0000031D02,8470运料巷配巷掘进面动力馈电,馈电传感器,负荷侧有电压,,2020-10-16 05:09:17
羊东矿,0000031D03,8470运料巷配巷掘进面副风机,开停,停,,2020-10-16 05:09:17
羊东矿,0000031D04,8470运料巷配巷掘进面主风机,开停,开,,2020-10-16 05:09:17
羊东矿,0000031D10,8470运料巷配巷掘进面风筒,风筒开关传感器,风筒有风,,2020-10-16 05:09:17
羊东矿,0000031D13,8470运料巷配巷掘进面主风机馈电,馈电传感器,负荷侧有电压,,2020-10-16 05:09:17
羊东矿,0000031D15,8470运料巷配巷掘进面副风机馈电,馈电传感器,负荷侧有电压,,2020-10-16 05:09:17
羊东矿,0000031D16,8470运料巷配巷掘进面风向,开停,开,,2020-10-16 05:09:17
羊东矿,0000032A04,42区永久避难硐室后门过渡室CO.,一氧化碳,0.00,ppm,2020-10-16 05:09:17
羊东矿,0000032A05,42区永久避难硐室后门CO,一氧化碳,0.00,ppm,2020-10-16 05:09:17
羊东矿,0000032A06,42区永久避难硐室后门CO2,二氧化碳,0.00,%,2020-10-16 05:09:17
羊东矿,0000032A07,42区永久避难硐室后门甲烷激,甲烷,0.00,%CH4,2020-10-16 05:09:17
羊东矿,0000032A09,42皮带上部进风甲烷激,甲烷,0.03,%CH4,2020-10-16 05:09:17
羊东矿,0000032A10,42区永久避难硐室生存室CO2,二氧化碳,0.01,%,2020-10-16 05:09:17
羊东矿,0000032A13,42回风改造甲烷,甲烷,0.08,%CH4,2020-10-16 05:09:17
羊东矿,0000032A15,42回风改造风速,风速,2.60,m/s,2020-10-16 05:09:17
羊东矿,0000032D12,42皮带上部进风风向,开停,开,,2020-10-16 05:09:17
羊东矿,0000033A05,进风道猴车车房温度,温度,20.40,℃,2020-10-16 05:09:17
羊东矿,0000033A06,副斜车房温度,温度,17.20,℃,2020-10-16 05:09:17
羊东矿,0000033A08,-110治水泵房温度,温度,24.00,℃,2020-10-16 05:09:17
羊东矿,0000033A09,南井正前进风甲烷激,甲烷,0.00,%CH4,2020-10-16 05:09:17
羊东矿,0000033D10,南井正前进风风向,开停,停,,2020-10-16 05:09:17
羊东矿,0000037A05,佐城二号总回风速,风速,4.50,m/s,2020-10-16 05:09:17
羊东矿,0000037A06,佐城二号总回甲烷,甲烷,0.05,%CH4,2020-10-16 05:09:17
羊东矿,0000037A07,42采区回风巷甲烷,甲烷,0.11,%CH4,2020-10-16 05:09:17
羊东矿,0000031A07,8470运料巷配巷掘进面回风风速,风速,1.40,m/s,2020-10-16 05:09:17
羊东矿,0000031A08,8470运料巷配巷掘进面加密甲烷,甲烷,0.00,%CH4,2020-10-16 05:09:17
羊东矿,0000031A09,8470运料巷配巷掘进面甲烷T1,甲烷,0.04,%CH4,2020-10-16 05:09:17
羊东矿,0000031A12,8470运料巷配巷掘进面粉尘,粉尘浓度,0.00,mg/ m3,2020-10-16 05:09:17
羊东矿,0000031A14,8470运料巷配巷掘进面分风口甲烷T4,甲烷,0.00,%CH4,2020-10-16 05:09:17
羊东矿,0000031C01,8470运料巷配巷掘进面动力断电,断电控制器,复电,,2020-10-16 05:09:17
羊东矿,0000031D02,8470运料巷配巷掘进面动力馈电,馈电传感器,负荷侧有电压,,2020-10-16 05:09:17
羊东矿,0000031D03,8470运料巷配巷掘进面副风机,开停,停,,2020-10-16 05:09:17
羊东矿,0000031D04,8470运料巷配巷掘进面主风机,开停,开,,2020-10-16 05:09:17
羊东矿,0000031D10,8470运料巷配巷掘进面风筒,风筒开关传感器,风筒有风,,2020-10-16 05:09:17
羊东矿,0000031D13,8470运料巷配巷掘进面主风机馈电,馈电传感器,负荷侧有电压,,2020-10-16 05:09:17
羊东矿,0000031D15,8470运料巷配巷掘进面副风机馈电,馈电传感器,负荷侧有电压,,2020-10-16 05:09:17
羊东矿,0000031D16,8470运料巷配巷掘进面风向,开停,开,,2020-10-16 05:09:17
羊东矿,0000032A04,42区永久避难硐室后门过渡室CO.,一氧化碳,0.00,ppm,2020-10-16 05:09:17
羊东矿,0000032A05,42区永久避难硐室后门CO,一氧化碳,0.00,ppm,2020-10-16 05:09:17
羊东矿,0000032A06,42区永久避难硐室后门CO2,二氧化碳,0.00,%,2020-10-16 05:09:17
羊东矿,0000032A07,42区永久避难硐室后门甲烷激,甲烷,0.00,%CH4,2020-10-16 05:09:17
羊东矿,0000032A09,42皮带上部进风甲烷激,甲烷,0.03,%CH4,2020-10-16 05:09:17
羊东矿,0000032A10,42区永久避难硐室生存室CO2,二氧化碳,0.01,%,2020-10-16 05:09:17
羊东矿,0000032A13,42回风改造甲烷,甲烷,0.08,%CH4,2020-10-16 05:09:17
羊东矿,0000032A15,42回风改造风速,风速,2.60,m/s,2020-10-16 05:09:17
羊东矿,0000032D12,42皮带上部进风风向,开停,开,,2020-10-16 05:09:17
羊东矿,0000033A05,进风道猴车车房温度,温度,20.40,℃,2020-10-16 05:09:17
羊东矿,0000033A06,副斜车房温度,温度,17.20,℃,2020-10-16 05:09:17
羊东矿,0000033A08,-110治水泵房温度,温度,24.00,℃,2020-10-16 05:09:17
羊东矿,0000033A09,南井正前进风甲烷激,甲烷,0.00,%CH4,2020-10-16 05:09:17
羊东矿,0000033D10,南井正前进风风向,开停,停,,2020-10-16 05:09:17
羊东矿,0000037A05,佐城二号总回风速,风速,4.50,m/s,2020-10-16 05:09:17
羊东矿,0000037A06,佐城二号总回甲烷,甲烷,0.05,%CH4,2020-10-16 05:09:17
羊东矿,0000037A07,42采区回风巷甲烷,甲烷,0.11,%CH4,2020-10-16 05:09:17
羊东矿,0000031A07,8470运料巷配巷掘进面回风风速,风速,1.30,m/s,2020-10-16 05:09:44
羊东矿,0000031A08,8470运料巷配巷掘进面加密甲烷,甲烷,0.00,%CH4,2020-10-16 05:09:44
羊东矿,0000031A09,8470运料巷配巷掘进面甲烷T1,甲烷,0.04,%CH4,2020-10-16 05:09:44
羊东矿,0000031A12,8470运料巷配巷掘进面粉尘,粉尘浓度,0.00,mg/ m3,2020-10-16 05:09:44
羊东矿,0000031A14,8470运料巷配巷掘进面分风口甲烷T4,甲烷,0.00,%CH4,2020-10-16 05:09:44
羊东矿,0000031C01,8470运料巷配巷掘进面动力断电,断电控制器,复电,,2020-10-16 05:09:44
羊东矿,0000031D02,8470运料巷配巷掘进面动力馈电,馈电传感器,负荷侧有电压,,2020-10-16 05:09:44
羊东矿,0000031D03,8470运料巷配巷掘进面副风机,开停,停,,2020-10-16 05:09:44
羊东矿,0000031D04,8470运料巷配巷掘进面主风机,开停,开,,2020-10-16 05:09:44
羊东矿,0000031D10,8470运料巷配巷掘进面风筒,风筒开关传感器,风筒有风,,2020-10-16 05:09:44
羊东矿,0000031D13,8470运料巷配巷掘进面主风机馈电,馈电传感器,负荷侧有电压,,2020-10-16 05:09:44
羊东矿,0000031D15,8470运料巷配巷掘进面副风机馈电,馈电传感器,负荷侧有电压,,2020-10-16 05:09:44
羊东矿,0000031D16,8470运料巷配巷掘进面风向,开停,开,,2020-10-16 05:09:44
羊东矿,0000032A04,42区永久避难硐室后门过渡室CO.,一氧化碳,0.00,ppm,2020-10-16 05:09:44
羊东矿,0000032A05,42区永久避难硐室后门CO,一氧化碳,0.00,ppm,2020-10-16 05:09:44
羊东矿,0000032A06,42区永久避难硐室后门CO2,二氧化碳,0.00,%,2020-10-16 05:09:44
羊东矿,0000032A07,42区永久避难硐室后门甲烷激,甲烷,0.00,%CH4,2020-10-16 05:09:44
羊东矿,0000032A09,42皮带上部进风甲烷激,甲烷,0.03,%CH4,2020-10-16 05:09:44
羊东矿,0000032A10,42区永久避难硐室生存室CO2,二氧化碳,0.01,%,2020-10-16 05:09:44
羊东矿,0000032A13,42回风改造甲烷,甲烷,0.08,%CH4,2020-10-16 05:09:44
羊东矿,0000032A15,42回风改造风速,风速,2.60,m/s,2020-10-16 05:09:44
羊东矿,0000032D12,42皮带上部进风风向,开停,开,,2020-10-16 05:09:44
羊东矿,0000033A05,进风道猴车车房温度,温度,20.40,℃,2020-10-16 05:09:44
羊东矿,0000033A06,副斜车房温度,温度,17.20,℃,2020-10-16 05:09:44
羊东矿,0000033A08,-110治水泵房温度,温度,24.00,℃,2020-10-16 05:09:44
羊东矿,0000033A09,南井正前进风甲烷激,甲烷,0.00,%CH4,2020-10-16 05:09:44
羊东矿,0000033D10,南井正前进风风向,开停,停,,2020-10-16 05:09:44
羊东矿,0000037A05,佐城二号总回风速,风速,4.50,m/s,2020-10-16 05:09:44
羊东矿,0000037A06,佐城二号总回甲烷,甲烷,0.05,%CH4,2020-10-16 05:09:44
羊东矿,0000037A07,42采区回风巷甲烷,甲烷,0.11,%CH4,2020-10-16 05:09:44
羊东矿,0000031A07,8470运料巷配巷掘进面回风风速,风速,1.20,m/s,2020-10-16 05:10:36
羊东矿,0000031A08,8470运料巷配巷掘进面加密甲烷,甲烷,0.00,%CH4,2020-10-16 05:10:36
羊东矿,0000031A09,8470运料巷配巷掘进面甲烷T1,甲烷,0.04,%CH4,2020-10-16 05:10:36
羊东矿,0000031A12,8470运料巷配巷掘进面粉尘,粉尘浓度,0.00,mg/ m3,2020-10-16 05:10:36
羊东矿,0000031A14,8470运料巷配巷掘进面分风口甲烷T4,甲烷,0.00,%CH4,2020-10-16 05:10:36
羊东矿,0000031C01,8470运料巷配巷掘进面动力断电,断电控制器,复电,,2020-10-16 05:10:36
羊东矿,0000031D02,8470运料巷配巷掘进面动力馈电,馈电传感器,负荷侧有电压,,2020-10-16 05:10:36
羊东矿,0000031D03,8470运料巷配巷掘进面副风机,开停,停,,2020-10-16 05:10:36
羊东矿,0000031D04,8470运料巷配巷掘进面主风机,开停,开,,2020-10-16 05:10:36
羊东矿,0000031D10,8470运料巷配巷掘进面风筒,风筒开关传感器,风筒有风,,2020-10-16 05:10:36
羊东矿,0000031D13,8470运料巷配巷掘进面主风机馈电,馈电传感器,负荷侧有电压,,2020-10-16 05:10:36
羊东矿,0000031D15,8470运料巷配巷掘进面副风机馈电,馈电传感器,负荷侧有电压,,2020-10-16 05:10:36
羊东矿,0000031D16,8470运料巷配巷掘进面风向,开停,开,,2020-10-16 05:10:36
羊东矿,0000032A04,42区永久避难硐室后门过渡室CO.,一氧化碳,0.00,ppm,2020-10-16 05:10:36
羊东矿,0000032A05,42区永久避难硐室后门CO,一氧化碳,0.00,ppm,2020-10-16 05:10:36
羊东矿,0000032A06,42区永久避难硐室后门CO2,二氧化碳,0.00,%,2020-10-16 05:10:36
羊东矿,0000032A07,42区永久避难硐室后门甲烷激,甲烷,0.00,%CH4,2020-10-16 05:10:36
羊东矿,0000032A09,42皮带上部进风甲烷激,甲烷,0.03,%CH4,2020-10-16 05:10:36
羊东矿,0000032A10,42区永久避难硐室生存室CO2,二氧化碳,0.01,%,2020-10-16 05:10:36
羊东矿,0000032A13,42回风改造甲烷,甲烷,0.08,%CH4,2020-10-16 05:10:36
羊东矿,0000032A15,42回风改造风速,风速,2.60,m/s,2020-10-16 05:10:36
羊东矿,0000032D12,42皮带上部进风风向,开停,开,,2020-10-16 05:10:36
羊东矿,0000033A05,进风道猴车车房温度,温度,20.40,℃,2020-10-16 05:10:36
羊东矿,0000033A06,副斜车房温度,温度,17.20,℃,2020-10-16 05:10:36
羊东矿,0000033A08,-110治水泵房温度,温度,24.00,℃,2020-10-16 05:10:36
羊东矿,0000033A09,南井正前进风甲烷激,甲烷,0.00,%CH4,2020-10-16 05:10:36
羊东矿,0000033D10,南井正前进风风向,开停,停,,2020-10-16 05:10:36
羊东矿,0000037A05,佐城二号总回风速,风速,4.50,m/s,2020-10-16 05:10:36
羊东矿,0000037A06,佐城二号总回甲烷,甲烷,0.05,%CH4,2020-10-16 05:10:36
羊东矿,0000037A07,42采区回风巷甲烷,甲烷,0.11,%CH4,2020-10-16 05:10:36
羊东矿,0000031A07,8470运料巷配巷掘进面回风风速,风速,1.30,m/s,2020-10-16 05:11:03
羊东矿,0000031A08,8470运料巷配巷掘进面加密甲烷,甲烷,0.00,%CH4,2020-10-16 05:11:03
羊东矿,0000031A09,8470运料巷配巷掘进面甲烷T1,甲烷,0.04,%CH4,2020-10-16 05:11:03
羊东矿,0000031A12,8470运料巷配巷掘进面粉尘,粉尘浓度,0.00,mg/ m3,2020-10-16 05:11:03
羊东矿,0000031A14,8470运料巷配巷掘进面分风口甲烷T4,甲烷,0.00,%CH4,2020-10-16 05:11:03
羊东矿,0000031C01,8470运料巷配巷掘进面动力断电,断电控制器,复电,,2020-10-16 05:11:03
羊东矿,0000031D02,8470运料巷配巷掘进面动力馈电,馈电传感器,负荷侧有电压,,2020-10-16 05:11:03
羊东矿,0000031D03,8470运料巷配巷掘进面副风机,开停,停,,2020-10-16 05:11:03
羊东矿,0000031D04,8470运料巷配巷掘进面主风机,开停,开,,2020-10-16 05:11:03
羊东矿,0000031D10,8470运料巷配巷掘进面风筒,风筒开关传感器,风筒有风,,2020-10-16 05:11:03
羊东矿,0000031D13,8470运料巷配巷掘进面主风机馈电,馈电传感器,负荷侧有电压,,2020-10-16 05:11:03
羊东矿,0000031D15,8470运料巷配巷掘进面副风机馈电,馈电传感器,负荷侧有电压,,2020-10-16 05:11:03
羊东矿,0000031D16,8470运料巷配巷掘进面风向,开停,开,,2020-10-16 05:11:03
羊东矿,0000032A04,42区永久避难硐室后门过渡室CO.,一氧化碳,0.00,ppm,2020-10-16 05:11:03
羊东矿,0000032A05,42区永久避难硐室后门CO,一氧化碳,0.00,ppm,2020-10-16 05:11:03
羊东矿,0000032A06,42区永久避难硐室后门CO2,二氧化碳,0.00,%,2020-10-16 05:11:03
羊东矿,0000032A07,42区永久避难硐室后门甲烷激,甲烷,0.00,%CH4,2020-10-16 05:11:03
羊东矿,0000032A09,42皮带上部进风甲烷激,甲烷,0.03,%CH4,2020-10-16 05:11:03
羊东矿,0000032A10,42区永久避难硐室生存室CO2,二氧化碳,0.01,%,2020-10-16 05:11:03
羊东矿,0000032A13,42回风改造甲烷,甲烷,0.08,%CH4,2020-10-16 05:11:03
羊东矿,0000032A15,42回风改造风速,风速,2.70,m/s,2020-10-16 05:11:03
羊东矿,0000032D12,42皮带上部进风风向,开停,开,,2020-10-16 05:11:03
羊东矿,0000033A05,进风道猴车车房温度,温度,20.40,℃,2020-10-16 05:11:03
羊东矿,0000033A06,副斜车房温度,温度,17.20,℃,2020-10-16 05:11:03
羊东矿,0000033A08,-110治水泵房温度,温度,24.00,℃,2020-10-16 05:11:03
羊东矿,0000033A09,南井正前进风甲烷激,甲烷,0.00,%CH4,2020-10-16 05:11:03
羊东矿,0000033D10,南井正前进风风向,开停,停,,2020-10-16 05:11:03
羊东矿,0000037A05,佐城二号总回风速,风速,4.50,m/s,2020-10-16 05:11:03
羊东矿,0000037A06,佐城二号总回甲烷,甲烷,0.05,%CH4,2020-10-16 05:11:03
羊东矿,0000037A07,42采区回风巷甲烷,甲烷,0.11,%CH4,2020-10-16 05:11:03
羊东矿,0000031A07,8470运料巷配巷掘进面回风风速,风速,1.30,m/s,2020-10-16 05:11:29
羊东矿,0000031A08,8470运料巷配巷掘进面加密甲烷,甲烷,0.00,%CH4,2020-10-16 05:11:29
羊东矿,0000031A09,8470运料巷配巷掘进面甲烷T1,甲烷,0.04,%CH4,2020-10-16 05:11:29
羊东矿,0000031A12,8470运料巷配巷掘进面粉尘,粉尘浓度,0.00,mg/ m3,2020-10-16 05:11:29
羊东矿,0000031A14,8470运料巷配巷掘进面分风口甲烷T4,甲烷,0.00,%CH4,2020-10-16 05:11:29
羊东矿,0000031C01,8470运料巷配巷掘进面动力断电,断电控制器,复电,,2020-10-16 05:11:29
羊东矿,0000031D02,8470运料巷配巷掘进面动力馈电,馈电传感器,负荷侧有电压,,2020-10-16 05:11:29
羊东矿,0000031D03,8470运料巷配巷掘进面副风机,开停,停,,2020-10-16 05:11:29
羊东矿,0000031D04,8470运料巷配巷掘进面主风机,开停,开,,2020-10-16 05:11:29
羊东矿,0000031D10,8470运料巷配巷掘进面风筒,风筒开关传感器,风筒有风,,2020-10-16 05:11:29
羊东矿,0000031D13,8470运料巷配巷掘进面主风机馈电,馈电传感器,负荷侧有电压,,2020-10-16 05:11:29
羊东矿,0000031D15,8470运料巷配巷掘进面副风机馈电,馈电传感器,负荷侧有电压,,2020-10-16 05:11:29
羊东矿,0000031D16,8470运料巷配巷掘进面风向,开停,开,,2020-10-16 05:11:29
羊东矿,0000032A04,42区永久避难硐室后门过渡室CO.,一氧化碳,0.00,ppm,2020-10-16 05:11:29
羊东矿,0000032A05,42区永久避难硐室后门CO,一氧化碳,0.00,ppm,2020-10-16 05:11:29
羊东矿,0000032A06,42区永久避难硐室后门CO2,二氧化碳,0.00,%,2020-10-16 05:11:29
羊东矿,0000032A07,42区永久避难硐室后门甲烷激,甲烷,0.00,%CH4,2020-10-16 05:11:29
羊东矿,0000032A09,42皮带上部进风甲烷激,甲烷,0.03,%CH4,2020-10-16 05:11:29
羊东矿,0000032A10,42区永久避难硐室生存室CO2,二氧化碳,0.01,%,2020-10-16 05:11:29
羊东矿,0000032A13,42回风改造甲烷,甲烷,0.08,%CH4,2020-10-16 05:11:29
羊东矿,0000032A15,42回风改造风速,风速,2.60,m/s,2020-10-16 05:11:29
羊东矿,0000032D12,42皮带上部进风风向,开停,开,,2020-10-16 05:11:29
羊东矿,0000033A05,进风道猴车车房温度,温度,20.40,℃,2020-10-16 05:11:29
羊东矿,0000033A06,副斜车房温度,温度,17.20,℃,2020-10-16 05:11:29
羊东矿,0000033A08,-110治水泵房温度,温度,24.00,℃,2020-10-16 05:11:29
羊东矿,0000033A09,南井正前进风甲烷激,甲烷,0.00,%CH4,2020-10-16 05:11:29
羊东矿,0000033D10,南井正前进风风向,开停,停,,2020-10-16 05:11:29
羊东矿,0000037A05,佐城二号总回风速,风速,4.50,m/s,2020-10-16 05:11:29
羊东矿,0000037A06,佐城二号总回甲烷,甲烷,0.05,%CH4,2020-10-16 05:11:29
羊东矿,0000037A07,42采区回风巷甲烷,甲烷,0.11,%CH4,2020-10-16 05:11:29
羊东矿,0000031A07,8470运料巷配巷掘进面回风风速,风速,1.30,m/s,2020-10-16 05:12:21
羊东矿,0000031A08,8470运料巷配巷掘进面加密甲烷,甲烷,0.00,%CH4,2020-10-16 05:12:21
羊东矿,0000031A09,8470运料巷配巷掘进面甲烷T1,甲烷,0.04,%CH4,2020-10-16 05:12:21
羊东矿,0000031A12,8470运料巷配巷掘进面粉尘,粉尘浓度,0.00,mg/ m3,2020-10-16 05:12:21
羊东矿,0000031A14,8470运料巷配巷掘进面分风口甲烷T4,甲烷,0.00,%CH4,2020-10-16 05:12:21
羊东矿,0000031C01,8470运料巷配巷掘进面动力断电,断电控制器,复电,,2020-10-16 05:12:21
羊东矿,0000031D02,8470运料巷配巷掘进面动力馈电,馈电传感器,负荷侧有电压,,2020-10-16 05:12:21
羊东矿,0000031D03,8470运料巷配巷掘进面副风机,开停,停,,2020-10-16 05:12:21
羊东矿,0000031D04,8470运料巷配巷掘进面主风机,开停,开,,2020-10-16 05:12:21
羊东矿,0000031D10,8470运料巷配巷掘进面风筒,风筒开关传感器,风筒有风,,2020-10-16 05:12:21
羊东矿,0000031D13,8470运料巷配巷掘进面主风机馈电,馈电传感器,负荷侧有电压,,2020-10-16 05:12:21
羊东矿,0000031D15,8470运料巷配巷掘进面副风机馈电,馈电传感器,负荷侧有电压,,2020-10-16 05:12:21
羊东矿,0000031D16,8470运料巷配巷掘进面风向,开停,开,,2020-10-16 05:12:21
羊东矿,0000032A04,42区永久避难硐室后门过渡室CO.,一氧化碳,0.00,ppm,2020-10-16 05:12:21
羊东矿,0000032A05,42区永久避难硐室后门CO,一氧化碳,0.00,ppm,2020-10-16 05:12:21
羊东矿,0000032A06,42区永久避难硐室后门CO2,二氧化碳,0.00,%,2020-10-16 05:12:21
羊东矿,0000032A07,42区永久避难硐室后门甲烷激,甲烷,0.00,%CH4,2020-10-16 05:12:21
羊东矿,0000032A09,42皮带上部进风甲烷激,甲烷,0.03,%CH4,2020-10-16 05:12:21
羊东矿,0000032A10,42区永久避难硐室生存室CO2,二氧化碳,0.01,%,2020-10-16 05:12:21
羊东矿,0000032A13,42回风改造甲烷,甲烷,0.08,%CH4,2020-10-16 05:12:21
羊东矿,0000032A15,42回风改造风速,风速,2.80,m/s,2020-10-16 05:12:21
羊东矿,0000032D12,42皮带上部进风风向,开停,开,,2020-10-16 05:12:21
羊东矿,0000033A05,进风道猴车车房温度,温度,20.40,℃,2020-10-16 05:12:21
羊东矿,0000033A06,副斜车房温度,温度,17.20,℃,2020-10-16 05:12:21
羊东矿,0000033A08,-110治水泵房温度,温度,23.90,℃,2020-10-16 05:12:21
羊东矿,0000033A09,南井正前进风甲烷激,甲烷,0.00,%CH4,2020-10-16 05:12:21
羊东矿,0000033D10,南井正前进风风向,开停,停,,2020-10-16 05:12:21
羊东矿,0000037A05,佐城二号总回风速,风速,4.50,m/s,2020-10-16 05:12:21
羊东矿,0000037A06,佐城二号总回甲烷,甲烷,0.05,%CH4,2020-10-16 05:12:21
羊东矿,0000037A07,42采区回风巷甲烷,甲烷,0.11,%CH4,2020-10-16 05:12:21
羊东矿,0000031A07,8470运料巷配巷掘进面回风风速,风速,1.30,m/s,2020-10-16 05:12:48
羊东矿,0000031A08,8470运料巷配巷掘进面加密甲烷,甲烷,0.00,%CH4,2020-10-16 05:12:48
羊东矿,0000031A09,8470运料巷配巷掘进面甲烷T1,甲烷,0.04,%CH4,2020-10-16 05:12:48
羊东矿,0000031A12,8470运料巷配巷掘进面粉尘,粉尘浓度,0.00,mg/ m3,2020-10-16 05:12:48
羊东矿,0000031A14,8470运料巷配巷掘进面分风口甲烷T4,甲烷,0.00,%CH4,2020-10-16 05:12:48
羊东矿,0000031C01,8470运料巷配巷掘进面动力断电,断电控制器,复电,,2020-10-16 05:12:48
羊东矿,0000031D02,8470运料巷配巷掘进面动力馈电,馈电传感器,负荷侧有电压,,2020-10-16 05:12:48
羊东矿,0000031D03,8470运料巷配巷掘进面副风机,开停,停,,2020-10-16 05:12:48
羊东矿,0000031D04,8470运料巷配巷掘进面主风机,开停,开,,2020-10-16 05:12:48
羊东矿,0000031D10,8470运料巷配巷掘进面风筒,风筒开关传感器,风筒有风,,2020-10-16 05:12:48
羊东矿,0000031D13,8470运料巷配巷掘进面主风机馈电,馈电传感器,负荷侧有电压,,2020-10-16 05:12:48
羊东矿,0000031D15,8470运料巷配巷掘进面副风机馈电,馈电传感器,负荷侧有电压,,2020-10-16 05:12:48
羊东矿,0000031D16,8470运料巷配巷掘进面风向,开停,开,,2020-10-16 05:12:48
羊东矿,0000032A04,42区永久避难硐室后门过渡室CO.,一氧化碳,0.00,ppm,2020-10-16 05:12:48
羊东矿,0000032A05,42区永久避难硐室后门CO,一氧化碳,0.00,ppm,2020-10-16 05:12:48
羊东矿,0000032A06,42区永久避难硐室后门CO2,二氧化碳,0.00,%,2020-10-16 05:12:48
羊东矿,0000032A07,42区永久避难硐室后门甲烷激,甲烷,0.00,%CH4,2020-10-16 05:12:48
羊东矿,0000032A09,42皮带上部进风甲烷激,甲烷,0.03,%CH4,2020-10-16 05:12:48
羊东矿,0000032A10,42区永久避难硐室生存室CO2,二氧化碳,0.01,%,2020-10-16 05:12:48
羊东矿,0000032A13,42回风改造甲烷,甲烷,0.08,%CH4,2020-10-16 05:12:48
羊东矿,0000032A15,42回风改造风速,风速,2.60,m/s,2020-10-16 05:12:48
羊东矿,0000032D12,42皮带上部进风风向,开停,开,,2020-10-16 05:12:48
羊东矿,0000033A05,进风道猴车车房温度,温度,20.40,℃,2020-10-16 05:12:48
羊东矿,0000033A06,副斜车房温度,温度,17.20,℃,2020-10-16 05:12:48
羊东矿,0000033A08,-110治水泵房温度,温度,24.00,℃,2020-10-16 05:12:48
羊东矿,0000033A09,南井正前进风甲烷激,甲烷,0.00,%CH4,2020-10-16 05:12:48
羊东矿,0000033D10,南井正前进风风向,开停,停,,2020-10-16 05:12:48
羊东矿,0000037A05,佐城二号总回风速,风速,4.50,m/s,2020-10-16 05:12:48
羊东矿,0000037A06,佐城二号总回甲烷,甲烷,0.05,%CH4,2020-10-16 05:12:48
羊东矿,0000037A07,42采区回风巷甲烷,甲烷,0.11,%CH4,2020-10-16 05:12:48
羊东矿,0000031A07,8470运料巷配巷掘进面回风风速,风速,1.30,m/s,2020-10-16 05:13:14
羊东矿,0000031A08,8470运料巷配巷掘进面加密甲烷,甲烷,0.00,%CH4,2020-10-16 05:13:14
羊东矿,0000031A09,8470运料巷配巷掘进面甲烷T1,甲烷,0.04,%CH4,2020-10-16 05:13:14
羊东矿,0000031A12,8470运料巷配巷掘进面粉尘,粉尘浓度,0.00,mg/ m3,2020-10-16 05:13:14
羊东矿,0000031A14,8470运料巷配巷掘进面分风口甲烷T4,甲烷,0.00,%CH4,2020-10-16 05:13:14
羊东矿,0000031C01,8470运料巷配巷掘进面动力断电,断电控制器,复电,,2020-10-16 05:13:14
羊东矿,0000031D02,8470运料巷配巷掘进面动力馈电,馈电传感器,负荷侧有电压,,2020-10-16 05:13:14
羊东矿,0000031D03,8470运料巷配巷掘进面副风机,开停,停,,2020-10-16 05:13:14
羊东矿,0000031D04,8470运料巷配巷掘进面主风机,开停,开,,2020-10-16 05:13:14
羊东矿,0000031D10,8470运料巷配巷掘进面风筒,风筒开关传感器,风筒有风,,2020-10-16 05:13:14
羊东矿,0000031D13,8470运料巷配巷掘进面主风机馈电,馈电传感器,负荷侧有电压,,2020-10-16 05:13:14
羊东矿,0000031D15,8470运料巷配巷掘进面副风机馈电,馈电传感器,负荷侧有电压,,2020-10-16 05:13:14
羊东矿,0000031D16,8470运料巷配巷掘进面风向,开停,开,,2020-10-16 05:13:14
羊东矿,0000032A04,42区永久避难硐室后门过渡室CO.,一氧化碳,0.00,ppm,2020-10-16 05:13:14
羊东矿,0000032A05,42区永久避难硐室后门CO,一氧化碳,0.00,ppm,2020-10-16 05:13:14
羊东矿,0000032A06,42区永久避难硐室后门CO2,二氧化碳,0.00,%,2020-10-16 05:13:14
羊东矿,0000032A07,42区永久避难硐室后门甲烷激,甲烷,0.00,%CH4,2020-10-16 05:13:14
羊东矿,0000032A09,42皮带上部进风甲烷激,甲烷,0.02,%CH4,2020-10-16 05:13:14
羊东矿,0000032A10,42区永久避难硐室生存室CO2,二氧化碳,0.01,%,2020-10-16 05:13:14
羊东矿,0000032A13,42回风改造甲烷,甲烷,0.08,%CH4,2020-10-16 05:13:14
羊东矿,0000032A15,42回风改造风速,风速,2.70,m/s,2020-10-16 05:13:14
羊东矿,0000032D12,42皮带上部进风风向,开停,开,,2020-10-16 05:13:14
羊东矿,0000033A05,进风道猴车车房温度,温度,20.40,℃,2020-10-16 05:13:14
羊东矿,0000033A06,副斜车房温度,温度,17.20,℃,2020-10-16 05:13:14
羊东矿,0000033A08,-110治水泵房温度,温度,24.00,℃,2020-10-16 05:13:14
羊东矿,0000033A09,南井正前进风甲烷激,甲烷,0.00,%CH4,2020-10-16 05:13:14
羊东矿,0000033D10,南井正前进风风向,开停,停,,2020-10-16 05:13:14
羊东矿,0000037A05,佐城二号总回风速,风速,4.40,m/s,2020-10-16 05:13:14
羊东矿,0000037A06,佐城二号总回甲烷,甲烷,0.05,%CH4,2020-10-16 05:13:14
羊东矿,0000037A07,42采区回风巷甲烷,甲烷,0.10,%CH4,2020-10-16 05:13:14
羊东矿,0000031A07,8470运料巷配巷掘进面回风风速,风速,1.30,m/s,2020-10-16 05:14:06
羊东矿,0000031A08,8470运料巷配巷掘进面加密甲烷,甲烷,0.00,%CH4,2020-10-16 05:14:06
羊东矿,0000031A09,8470运料巷配巷掘进面甲烷T1,甲烷,0.04,%CH4,2020-10-16 05:14:06
羊东矿,0000031A12,8470运料巷配巷掘进面粉尘,粉尘浓度,0.00,mg/ m3,2020-10-16 05:14:06
羊东矿,0000031A14,8470运料巷配巷掘进面分风口甲烷T4,甲烷,0.00,%CH4,2020-10-16 05:14:06
羊东矿,0000031C01,8470运料巷配巷掘进面动力断电,断电控制器,复电,,2020-10-16 05:14:06
羊东矿,0000031D02,8470运料巷配巷掘进面动力馈电,馈电传感器,负荷侧有电压,,2020-10-16 05:14:06
羊东矿,0000031D03,8470运料巷配巷掘进面副风机,开停,停,,2020-10-16 05:14:06
羊东矿,0000031D04,8470运料巷配巷掘进面主风机,开停,开,,2020-10-16 05:14:06
羊东矿,0000031D10,8470运料巷配巷掘进面风筒,风筒开关传感器,风筒有风,,2020-10-16 05:14:06
羊东矿,0000031D13,8470运料巷配巷掘进面主风机馈电,馈电传感器,负荷侧有电压,,2020-10-16 05:14:06
羊东矿,0000031D15,8470运料巷配巷掘进面副风机馈电,馈电传感器,负荷侧有电压,,2020-10-16 05:14:06
羊东矿,0000031D16,8470运料巷配巷掘进面风向,开停,开,,2020-10-16 05:14:06
羊东矿,0000032A04,42区永久避难硐室后门过渡室CO.,一氧化碳,0.00,ppm,2020-10-16 05:14:06
羊东矿,0000032A05,42区永久避难硐室后门CO,一氧化碳,0.00,ppm,2020-10-16 05:14:06
羊东矿,0000032A06,42区永久避难硐室后门CO2,二氧化碳,0.00,%,2020-10-16 05:14:06
羊东矿,0000032A07,42区永久避难硐室后门甲烷激,甲烷,0.00,%CH4,2020-10-16 05:14:06
羊东矿,0000032A09,42皮带上部进风甲烷激,甲烷,0.03,%CH4,2020-10-16 05:14:06
羊东矿,0000032A10,42区永久避难硐室生存室CO2,二氧化碳,0.01,%,2020-10-16 05:14:06
羊东矿,0000032A13,42回风改造甲烷,甲烷,0.08,%CH4,2020-10-16 05:14:06
羊东矿,0000032A15,42回风改造风速,风速,2.40,m/s,2020-10-16 05:14:06
羊东矿,0000032D12,42皮带上部进风风向,开停,开,,2020-10-16 05:14:06
羊东矿,0000033A05,进风道猴车车房温度,温度,20.40,℃,2020-10-16 05:14:06
羊东矿,0000033A06,副斜车房温度,温度,17.20,℃,2020-10-16 05:14:06
羊东矿,0000033A08,-110治水泵房温度,温度,24.00,℃,2020-10-16 05:14:06
羊东矿,0000033A09,南井正前进风甲烷激,甲烷,0.00,%CH4,2020-10-16 05:14:06
羊东矿,0000033D10,南井正前进风风向,开停,停,,2020-10-16 05:14:06
羊东矿,0000037A05,佐城二号总回风速,风速,4.60,m/s,2020-10-16 05:14:06
羊东矿,0000037A06,佐城二号总回甲烷,甲烷,0.05,%CH4,2020-10-16 05:14:06
羊东矿,0000037A07,42采区回风巷甲烷,甲烷,0.11,%CH4,2020-10-16 05:14:06
羊东矿,0000031A07,8470运料巷配巷掘进面回风风速,风速,1.30,m/s,2020-10-16 05:14:06
羊东矿,0000031A08,8470运料巷配巷掘进面加密甲烷,甲烷,0.00,%CH4,2020-10-16 05:14:06
羊东矿,0000031A09,8470运料巷配巷掘进面甲烷T1,甲烷,0.04,%CH4,2020-10-16 05:14:06
羊东矿,0000031A12,8470运料巷配巷掘进面粉尘,粉尘浓度,0.00,mg/ m3,2020-10-16 05:14:06
羊东矿,0000031A14,8470运料巷配巷掘进面分风口甲烷T4,甲烷,0.00,%CH4,2020-10-16 05:14:06
羊东矿,0000031C01,8470运料巷配巷掘进面动力断电,断电控制器,复电,,2020-10-16 05:14:06
羊东矿,0000031D02,8470运料巷配巷掘进面动力馈电,馈电传感器,负荷侧有电压,,2020-10-16 05:14:06
羊东矿,0000031D03,8470运料巷配巷掘进面副风机,开停,停,,2020-10-16 05:14:06
羊东矿,0000031D04,8470运料巷配巷掘进面主风机,开停,开,,2020-10-16 05:14:06
羊东矿,0000031D10,8470运料巷配巷掘进面风筒,风筒开关传感器,风筒有风,,2020-10-16 05:14:06
羊东矿,0000031D13,8470运料巷配巷掘进面主风机馈电,馈电传感器,负荷侧有电压,,2020-10-16 05:14:06
羊东矿,0000031D15,8470运料巷配巷掘进面副风机馈电,馈电传感器,负荷侧有电压,,2020-10-16 05:14:06
羊东矿,0000031D16,8470运料巷配巷掘进面风向,开停,开,,2020-10-16 05:14:06
羊东矿,0000032A04,42区永久避难硐室后门过渡室CO.,一氧化碳,0.00,ppm,2020-10-16 05:14:06
羊东矿,0000032A05,42区永久避难硐室后门CO,一氧化碳,0.00,ppm,2020-10-16 05:14:06
羊东矿,0000032A06,42区永久避难硐室后门CO2,二氧化碳,0.00,%,2020-10-16 05:14:06
羊东矿,0000032A07,42区永久避难硐室后门甲烷激,甲烷,0.00,%CH4,2020-10-16 05:14:06
羊东矿,0000032A09,42皮带上部进风甲烷激,甲烷,0.03,%CH4,2020-10-16 05:14:06
羊东矿,0000032A10,42区永久避难硐室生存室CO2,二氧化碳,0.01,%,2020-10-16 05:14:06
羊东矿,0000032A13,42回风改造甲烷,甲烷,0.08,%CH4,2020-10-16 05:14:06
羊东矿,0000032A15,42回风改造风速,风速,2.40,m/s,2020-10-16 05:14:06
羊东矿,0000032D12,42皮带上部进风风向,开停,开,,2020-10-16 05:14:06
羊东矿,0000033A05,进风道猴车车房温度,温度,20.40,℃,2020-10-16 05:14:06
羊东矿,0000033A06,副斜车房温度,温度,17.20,℃,2020-10-16 05:14:06
羊东矿,0000033A08,-110治水泵房温度,温度,24.00,℃,2020-10-16 05:14:06
羊东矿,0000033A09,南井正前进风甲烷激,甲烷,0.00,%CH4,2020-10-16 05:14:06
羊东矿,0000033D10,南井正前进风风向,开停,停,,2020-10-16 05:14:06
羊东矿,0000037A05,佐城二号总回风速,风速,4.60,m/s,2020-10-16 05:14:06
羊东矿,0000037A06,佐城二号总回甲烷,甲烷,0.05,%CH4,2020-10-16 05:14:06
羊东矿,0000037A07,42采区回风巷甲烷,甲烷,0.11,%CH4,2020-10-16 05:14:06
羊东矿,0000031A07,8470运料巷配巷掘进面回风风速,风速,1.30,m/s,2020-10-16 05:14:33
羊东矿,0000031A08,8470运料巷配巷掘进面加密甲烷,甲烷,0.00,%CH4,2020-10-16 05:14:33
羊东矿,0000031A09,8470运料巷配巷掘进面甲烷T1,甲烷,0.04,%CH4,2020-10-16 05:14:33
羊东矿,0000031A12,8470运料巷配巷掘进面粉尘,粉尘浓度,0.00,mg/ m3,2020-10-16 05:14:33
羊东矿,0000031A14,8470运料巷配巷掘进面分风口甲烷T4,甲烷,0.00,%CH4,2020-10-16 05:14:33
羊东矿,0000031C01,8470运料巷配巷掘进面动力断电,断电控制器,复电,,2020-10-16 05:14:33
羊东矿,0000031D02,8470运料巷配巷掘进面动力馈电,馈电传感器,负荷侧有电压,,2020-10-16 05:14:33
羊东矿,0000031D03,8470运料巷配巷掘进面副风机,开停,停,,2020-10-16 05:14:33
羊东矿,0000031D04,8470运料巷配巷掘进面主风机,开停,开,,2020-10-16 05:14:33
羊东矿,0000031D10,8470运料巷配巷掘进面风筒,风筒开关传感器,风筒有风,,2020-10-16 05:14:33
羊东矿,0000031D13,8470运料巷配巷掘进面主风机馈电,馈电传感器,负荷侧有电压,,2020-10-16 05:14:33
羊东矿,0000031D15,8470运料巷配巷掘进面副风机馈电,馈电传感器,负荷侧有电压,,2020-10-16 05:14:33
羊东矿,0000031D16,8470运料巷配巷掘进面风向,开停,开,,2020-10-16 05:14:33
羊东矿,0000032A04,42区永久避难硐室后门过渡室CO.,一氧化碳,0.00,ppm,2020-10-16 05:14:33
羊东矿,0000032A05,42区永久避难硐室后门CO,一氧化碳,0.00,ppm,2020-10-16 05:14:33
羊东矿,0000032A06,42区永久避难硐室后门CO2,二氧化碳,0.00,%,2020-10-16 05:14:33
羊东矿,0000032A07,42区永久避难硐室后门甲烷激,甲烷,0.00,%CH4,2020-10-16 05:14:33
羊东矿,0000032A09,42皮带上部进风甲烷激,甲烷,0.03,%CH4,2020-10-16 05:14:33
羊东矿,0000032A10,42区永久避难硐室生存室CO2,二氧化碳,0.01,%,2020-10-16 05:14:33
羊东矿,0000032A13,42回风改造甲烷,甲烷,0.08,%CH4,2020-10-16 05:14:33
羊东矿,0000032A15,42回风改造风速,风速,2.40,m/s,2020-10-16 05:14:33
羊东矿,0000032D12,42皮带上部进风风向,开停,开,,2020-10-16 05:14:33
羊东矿,0000033A05,进风道猴车车房温度,温度,20.40,℃,2020-10-16 05:14:33
羊东矿,0000033A06,副斜车房温度,温度,17.20,℃,2020-10-16 05:14:33
羊东矿,0000033A08,-110治水泵房温度,温度,24.10,℃,2020-10-16 05:14:33
羊东矿,0000033A09,南井正前进风甲烷激,甲烷,0.00,%CH4,2020-10-16 05:14:33
羊东矿,0000033D10,南井正前进风风向,开停,停,,2020-10-16 05:14:33
羊东矿,0000037A05,佐城二号总回风速,风速,4.50,m/s,2020-10-16 05:14:33
羊东矿,0000037A06,佐城二号总回甲烷,甲烷,0.05,%CH4,2020-10-16 05:14:33
羊东矿,0000037A07,42采区回风巷甲烷,甲烷,0.11,%CH4,2020-10-16 05:14:33
羊东矿,0000031A07,8470运料巷配巷掘进面回风风速,风速,1.30,m/s,2020-10-16 05:14:59
羊东矿,0000031A08,8470运料巷配巷掘进面加密甲烷,甲烷,0.00,%CH4,2020-10-16 05:14:59
羊东矿,0000031A09,8470运料巷配巷掘进面甲烷T1,甲烷,0.04,%CH4,2020-10-16 05:14:59
羊东矿,0000031A12,8470运料巷配巷掘进面粉尘,粉尘浓度,0.00,mg/ m3,2020-10-16 05:14:59
羊东矿,0000031A14,8470运料巷配巷掘进面分风口甲烷T4,甲烷,0.00,%CH4,2020-10-16 05:14:59
羊东矿,0000031C01,8470运料巷配巷掘进面动力断电,断电控制器,复电,,2020-10-16 05:14:59
羊东矿,0000031D02,8470运料巷配巷掘进面动力馈电,馈电传感器,负荷侧有电压,,2020-10-16 05:14:59
羊东矿,0000031D03,8470运料巷配巷掘进面副风机,开停,停,,2020-10-16 05:14:59
羊东矿,0000031D04,8470运料巷配巷掘进面主风机,开停,开,,2020-10-16 05:14:59
羊东矿,0000031D10,8470运料巷配巷掘进面风筒,风筒开关传感器,风筒有风,,2020-10-16 05:14:59
羊东矿,0000031D13,8470运料巷配巷掘进面主风机馈电,馈电传感器,负荷侧有电压,,2020-10-16 05:14:59
羊东矿,0000031D15,8470运料巷配巷掘进面副风机馈电,馈电传感器,负荷侧有电压,,2020-10-16 05:14:59
羊东矿,0000031D16,8470运料巷配巷掘进面风向,开停,开,,2020-10-16 05:14:59
羊东矿,0000032A04,42区永久避难硐室后门过渡室CO.,一氧化碳,0.00,ppm,2020-10-16 05:14:59
羊东矿,0000032A05,42区永久避难硐室后门CO,一氧化碳,0.00,ppm,2020-10-16 05:14:59
羊东矿,0000032A06,42区永久避难硐室后门CO2,二氧化碳,0.00,%,2020-10-16 05:14:59
羊东矿,0000032A07,42区永久避难硐室后门甲烷激,甲烷,0.00,%CH4,2020-10-16 05:14:59
羊东矿,0000032A09,42皮带上部进风甲烷激,甲烷,0.03,%CH4,2020-10-16 05:14:59
羊东矿,0000032A10,42区永久避难硐室生存室CO2,二氧化碳,0.01,%,2020-10-16 05:14:59
羊东矿,0000032A13,42回风改造甲烷,甲烷,0.08,%CH4,2020-10-16 05:14:59
羊东矿,0000032A15,42回风改造风速,风速,2.60,m/s,2020-10-16 05:14:59
羊东矿,0000032D12,42皮带上部进风风向,开停,开,,2020-10-16 05:14:59
羊东矿,0000033A05,进风道猴车车房温度,温度,20.40,℃,2020-10-16 05:14:59
羊东矿,0000033A06,副斜车房温度,温度,17.20,℃,2020-10-16 05:14:59
羊东矿,0000033A08,-110治水泵房温度,温度,24.10,℃,2020-10-16 05:14:59
羊东矿,0000033A09,南井正前进风甲烷激,甲烷,0.00,%CH4,2020-10-16 05:14:59
羊东矿,0000033D10,南井正前进风风向,开停,停,,2020-10-16 05:14:59
羊东矿,0000037A05,佐城二号总回风速,风速,4.40,m/s,2020-10-16 05:14:59
羊东矿,0000037A06,佐城二号总回甲烷,甲烷,0.05,%CH4,2020-10-16 05:14:59
羊东矿,0000037A07,42采区回风巷甲烷,甲烷,0.11,%CH4,2020-10-16 05:14:59
羊东矿,0000031A07,8470运料巷配巷掘进面回风风速,风速,1.30,m/s,2020-10-16 05:15:52
羊东矿,0000031A08,8470运料巷配巷掘进面加密甲烷,甲烷,0.00,%CH4,2020-10-16 05:15:52
羊东矿,0000031A09,8470运料巷配巷掘进面甲烷T1,甲烷,0.04,%CH4,2020-10-16 05:15:52
羊东矿,0000031A12,8470运料巷配巷掘进面粉尘,粉尘浓度,0.00,mg/ m3,2020-10-16 05:15:52
羊东矿,0000031A14,8470运料巷配巷掘进面分风口甲烷T4,甲烷,0.00,%CH4,2020-10-16 05:15:52
羊东矿,0000031C01,8470运料巷配巷掘进面动力断电,断电控制器,复电,,2020-10-16 05:15:52
羊东矿,0000031D02,8470运料巷配巷掘进面动力馈电,馈电传感器,负荷侧有电压,,2020-10-16 05:15:52
羊东矿,0000031D03,8470运料巷配巷掘进面副风机,开停,停,,2020-10-16 05:15:52
羊东矿,0000031D04,8470运料巷配巷掘进面主风机,开停,开,,2020-10-16 05:15:52
羊东矿,0000031D10,8470运料巷配巷掘进面风筒,风筒开关传感器,风筒有风,,2020-10-16 05:15:52
羊东矿,0000031D13,8470运料巷配巷掘进面主风机馈电,馈电传感器,负荷侧有电压,,2020-10-16 05:15:52
羊东矿,0000031D15,8470运料巷配巷掘进面副风机馈电,馈电传感器,负荷侧有电压,,2020-10-16 05:15:52
羊东矿,0000031D16,8470运料巷配巷掘进面风向,开停,开,,2020-10-16 05:15:52
羊东矿,0000032A04,42区永久避难硐室后门过渡室CO.,一氧化碳,0.00,ppm,2020-10-16 05:15:52
羊东矿,0000032A05,42区永久避难硐室后门CO,一氧化碳,0.00,ppm,2020-10-16 05:15:52
羊东矿,0000032A06,42区永久避难硐室后门CO2,二氧化碳,0.00,%,2020-10-16 05:15:52
羊东矿,0000032A07,42区永久避难硐室后门甲烷激,甲烷,0.00,%CH4,2020-10-16 05:15:52
羊东矿,0000032A09,42皮带上部进风甲烷激,甲烷,0.03,%CH4,2020-10-16 05:15:52
羊东矿,0000032A10,42区永久避难硐室生存室CO2,二氧化碳,0.01,%,2020-10-16 05:15:52
羊东矿,0000032A13,42回风改造甲烷,甲烷,0.09,%CH4,2020-10-16 05:15:52
羊东矿,0000032A15,42回风改造风速,风速,2.60,m/s,2020-10-16 05:15:52
羊东矿,0000032D12,42皮带上部进风风向,开停,开,,2020-10-16 05:15:52
羊东矿,0000033A05,进风道猴车车房温度,温度,20.40,℃,2020-10-16 05:15:52
羊东矿,0000033A06,副斜车房温度,温度,17.20,℃,2020-10-16 05:15:52
羊东矿,0000033A08,-110治水泵房温度,温度,24.10,℃,2020-10-16 05:15:52
羊东矿,0000033A09,南井正前进风甲烷激,甲烷,0.00,%CH4,2020-10-16 05:15:52
羊东矿,0000033D10,南井正前进风风向,开停,停,,2020-10-16 05:15:52
羊东矿,0000037A05,佐城二号总回风速,风速,4.40,m/s,2020-10-16 05:15:52
羊东矿,0000037A06,佐城二号总回甲烷,甲烷,0.06,%CH4,2020-10-16 05:15:52
羊东矿,0000037A07,42采区回风巷甲烷,甲烷,0.11,%CH4,2020-10-16 05:15:52
羊东矿,0000031A07,8470运料巷配巷掘进面回风风速,风速,1.30,m/s,2020-10-16 05:16:18
羊东矿,0000031A08,8470运料巷配巷掘进面加密甲烷,甲烷,0.00,%CH4,2020-10-16 05:16:18
羊东矿,0000031A09,8470运料巷配巷掘进面甲烷T1,甲烷,0.04,%CH4,2020-10-16 05:16:18
羊东矿,0000031A12,8470运料巷配巷掘进面粉尘,粉尘浓度,0.00,mg/ m3,2020-10-16 05:16:18
羊东矿,0000031A14,8470运料巷配巷掘进面分风口甲烷T4,甲烷,0.00,%CH4,2020-10-16 05:16:18
羊东矿,0000031C01,8470运料巷配巷掘进面动力断电,断电控制器,复电,,2020-10-16 05:16:18
羊东矿,0000031D02,8470运料巷配巷掘进面动力馈电,馈电传感器,负荷侧有电压,,2020-10-16 05:16:18
羊东矿,0000031D03,8470运料巷配巷掘进面副风机,开停,停,,2020-10-16 05:16:18
羊东矿,0000031D04,8470运料巷配巷掘进面主风机,开停,开,,2020-10-16 05:16:18
羊东矿,0000031D10,8470运料巷配巷掘进面风筒,风筒开关传感器,风筒有风,,2020-10-16 05:16:18
羊东矿,0000031D13,8470运料巷配巷掘进面主风机馈电,馈电传感器,负荷侧有电压,,2020-10-16 05:16:18
羊东矿,0000031D15,8470运料巷配巷掘进面副风机馈电,馈电传感器,负荷侧有电压,,2020-10-16 05:16:18
羊东矿,0000031D16,8470运料巷配巷掘进面风向,开停,开,,2020-10-16 05:16:18
羊东矿,0000032A04,42区永久避难硐室后门过渡室CO.,一氧化碳,0.00,ppm,2020-10-16 05:16:18
羊东矿,0000032A05,42区永久避难硐室后门CO,一氧化碳,0.00,ppm,2020-10-16 05:16:18
羊东矿,0000032A06,42区永久避难硐室后门CO2,二氧化碳,0.00,%,2020-10-16 05:16:18
羊东矿,0000032A07,42区永久避难硐室后门甲烷激,甲烷,0.00,%CH4,2020-10-16 05:16:18
羊东矿,0000032A09,42皮带上部进风甲烷激,甲烷,0.03,%CH4,2020-10-16 05:16:18
羊东矿,0000032A10,42区永久避难硐室生存室CO2,二氧化碳,0.01,%,2020-10-16 05:16:18
羊东矿,0000032A13,42回风改造甲烷,甲烷,0.09,%CH4,2020-10-16 05:16:18
羊东矿,0000032A15,42回风改造风速,风速,2.60,m/s,2020-10-16 05:16:18
羊东矿,0000032D12,42皮带上部进风风向,开停,开,,2020-10-16 05:16:18
羊东矿,0000033A05,进风道猴车车房温度,温度,20.40,℃,2020-10-16 05:16:18
羊东矿,0000033A06,副斜车房温度,温度,17.20,℃,2020-10-16 05:16:18
羊东矿,0000033A08,-110治水泵房温度,温度,24.10,℃,2020-10-16 05:16:18
羊东矿,0000033A09,南井正前进风甲烷激,甲烷,0.00,%CH4,2020-10-16 05:16:18
羊东矿,0000033D10,南井正前进风风向,开停,停,,2020-10-16 05:16:18
羊东矿,0000037A05,佐城二号总回风速,风速,4.40,m/s,2020-10-16 05:16:18
羊东矿,0000037A06,佐城二号总回甲烷,甲烷,0.06,%CH4,2020-10-16 05:16:18
羊东矿,0000037A07,42采区回风巷甲烷,甲烷,0.11,%CH4,2020-10-16 05:16:18
羊东矿,0000031A07,8470运料巷配巷掘进面回风风速,风速,1.30,m/s,2020-10-16 05:16:45
羊东矿,0000031A08,8470运料巷配巷掘进面加密甲烷,甲烷,0.00,%CH4,2020-10-16 05:16:45
羊东矿,0000031A09,8470运料巷配巷掘进面甲烷T1,甲烷,0.04,%CH4,2020-10-16 05:16:45
羊东矿,0000031A12,8470运料巷配巷掘进面粉尘,粉尘浓度,0.00,mg/ m3,2020-10-16 05:16:45
羊东矿,0000031A14,8470运料巷配巷掘进面分风口甲烷T4,甲烷,0.00,%CH4,2020-10-16 05:16:45
羊东矿,0000031C01,8470运料巷配巷掘进面动力断电,断电控制器,复电,,2020-10-16 05:16:45
羊东矿,0000031D02,8470运料巷配巷掘进面动力馈电,馈电传感器,负荷侧有电压,,2020-10-16 05:16:45
羊东矿,0000031D03,8470运料巷配巷掘进面副风机,开停,停,,2020-10-16 05:16:45
羊东矿,0000031D04,8470运料巷配巷掘进面主风机,开停,开,,2020-10-16 05:16:45
羊东矿,0000031D10,8470运料巷配巷掘进面风筒,风筒开关传感器,风筒有风,,2020-10-16 05:16:45
羊东矿,0000031D13,8470运料巷配巷掘进面主风机馈电,馈电传感器,负荷侧有电压,,2020-10-16 05:16:45
羊东矿,0000031D15,8470运料巷配巷掘进面副风机馈电,馈电传感器,负荷侧有电压,,2020-10-16 05:16:45
羊东矿,0000031D16,8470运料巷配巷掘进面风向,开停,开,,2020-10-16 05:16:45
羊东矿,0000032A04,42区永久避难硐室后门过渡室CO.,一氧化碳,0.00,ppm,2020-10-16 05:16:45
羊东矿,0000032A05,42区永久避难硐室后门CO,一氧化碳,0.00,ppm,2020-10-16 05:16:45
羊东矿,0000032A06,42区永久避难硐室后门CO2,二氧化碳,0.00,%,2020-10-16 05:16:45
羊东矿,0000032A07,42区永久避难硐室后门甲烷激,甲烷,0.00,%CH4,2020-10-16 05:16:45
羊东矿,0000032A09,42皮带上部进风甲烷激,甲烷,0.03,%CH4,2020-10-16 05:16:45
羊东矿,0000032A10,42区永久避难硐室生存室CO2,二氧化碳,0.01,%,2020-10-16 05:16:45
羊东矿,0000032A13,42回风改造甲烷,甲烷,0.09,%CH4,2020-10-16 05:16:45
羊东矿,0000032A15,42回风改造风速,风速,2.70,m/s,2020-10-16 05:16:45
羊东矿,0000032D12,42皮带上部进风风向,开停,开,,2020-10-16 05:16:45
羊东矿,0000033A05,进风道猴车车房温度,温度,20.50,℃,2020-10-16 05:16:45
羊东矿,0000033A06,副斜车房温度,温度,17.20,℃,2020-10-16 05:16:45
羊东矿,0000033A08,-110治水泵房温度,温度,24.10,℃,2020-10-16 05:16:45
羊东矿,0000033A09,南井正前进风甲烷激,甲烷,0.00,%CH4,2020-10-16 05:16:45
羊东矿,0000033D10,南井正前进风风向,开停,停,,2020-10-16 05:16:45
羊东矿,0000037A05,佐城二号总回风速,风速,4.50,m/s,2020-10-16 05:16:45
羊东矿,0000037A06,佐城二号总回甲烷,甲烷,0.05,%CH4,2020-10-16 05:16:45
羊东矿,0000037A07,42采区回风巷甲烷,甲烷,0.11,%CH4,2020-10-16 05:16:45
羊东矿,0000031A07,8470运料巷配巷掘进面回风风速,风速,1.30,m/s,2020-10-16 05:17:37
羊东矿,0000031A08,8470运料巷配巷掘进面加密甲烷,甲烷,0.00,%CH4,2020-10-16 05:17:37
羊东矿,0000031A09,8470运料巷配巷掘进面甲烷T1,甲烷,0.04,%CH4,2020-10-16 05:17:37
羊东矿,0000031A12,8470运料巷配巷掘进面粉尘,粉尘浓度,0.00,mg/ m3,2020-10-16 05:17:37
羊东矿,0000031A14,8470运料巷配巷掘进面分风口甲烷T4,甲烷,0.00,%CH4,2020-10-16 05:17:37
羊东矿,0000031C01,8470运料巷配巷掘进面动力断电,断电控制器,复电,,2020-10-16 05:17:37
羊东矿,0000031D02,8470运料巷配巷掘进面动力馈电,馈电传感器,负荷侧有电压,,2020-10-16 05:17:37
羊东矿,0000031D03,8470运料巷配巷掘进面副风机,开停,停,,2020-10-16 05:17:37
羊东矿,0000031D04,8470运料巷配巷掘进面主风机,开停,开,,2020-10-16 05:17:37
羊东矿,0000031D10,8470运料巷配巷掘进面风筒,风筒开关传感器,风筒有风,,2020-10-16 05:17:37
羊东矿,0000031D13,8470运料巷配巷掘进面主风机馈电,馈电传感器,负荷侧有电压,,2020-10-16 05:17:37
羊东矿,0000031D15,8470运料巷配巷掘进面副风机馈电,馈电传感器,负荷侧有电压,,2020-10-16 05:17:37
羊东矿,0000031D16,8470运料巷配巷掘进面风向,开停,开,,2020-10-16 05:17:37
羊东矿,0000032A04,42区永久避难硐室后门过渡室CO.,一氧化碳,0.00,ppm,2020-10-16 05:17:37
羊东矿,0000032A05,42区永久避难硐室后门CO,一氧化碳,0.00,ppm,2020-10-16 05:17:37
羊东矿,0000032A06,42区永久避难硐室后门CO2,二氧化碳,0.00,%,2020-10-16 05:17:37
羊东矿,0000032A07,42区永久避难硐室后门甲烷激,甲烷,0.00,%CH4,2020-10-16 05:17:37
羊东矿,0000032A09,42皮带上部进风甲烷激,甲烷,0.03,%CH4,2020-10-16 05:17:37
羊东矿,0000032A10,42区永久避难硐室生存室CO2,二氧化碳,0.01,%,2020-10-16 05:17:37
羊东矿,0000032A13,42回风改造甲烷,甲烷,0.09,%CH4,2020-10-16 05:17:37
羊东矿,0000032A15,42回风改造风速,风速,2.70,m/s,2020-10-16 05:17:37
羊东矿,0000032D12,42皮带上部进风风向,开停,开,,2020-10-16 05:17:37
羊东矿,0000033A05,进风道猴车车房温度,温度,20.50,℃,2020-10-16 05:17:37
羊东矿,0000033A06,副斜车房温度,温度,17.20,℃,2020-10-16 05:17:37
羊东矿,0000033A08,-110治水泵房温度,温度,24.10,℃,2020-10-16 05:17:37
羊东矿,0000033A09,南井正前进风甲烷激,甲烷,0.00,%CH4,2020-10-16 05:17:37
羊东矿,0000033D10,南井正前进风风向,开停,停,,2020-10-16 05:17:37
羊东矿,0000037A05,佐城二号总回风速,风速,4.70,m/s,2020-10-16 05:17:37
羊东矿,0000037A06,佐城二号总回甲烷,甲烷,0.05,%CH4,2020-10-16 05:17:37
羊东矿,0000037A07,42采区回风巷甲烷,甲烷,0.11,%CH4,2020-10-16 05:17:37
羊东矿,0000031A07,8470运料巷配巷掘进面回风风速,风速,1.30,m/s,2020-10-16 05:18:04
羊东矿,0000031A08,8470运料巷配巷掘进面加密甲烷,甲烷,0.00,%CH4,2020-10-16 05:18:04
羊东矿,0000031A09,8470运料巷配巷掘进面甲烷T1,甲烷,0.04,%CH4,2020-10-16 05:18:04
羊东矿,0000031A12,8470运料巷配巷掘进面粉尘,粉尘浓度,0.00,mg/ m3,2020-10-16 05:18:04
羊东矿,0000031A14,8470运料巷配巷掘进面分风口甲烷T4,甲烷,0.00,%CH4,2020-10-16 05:18:04
羊东矿,0000031C01,8470运料巷配巷掘进面动力断电,断电控制器,复电,,2020-10-16 05:18:04
羊东矿,0000031D02,8470运料巷配巷掘进面动力馈电,馈电传感器,负荷侧有电压,,2020-10-16 05:18:04
羊东矿,0000031D03,8470运料巷配巷掘进面副风机,开停,停,,2020-10-16 05:18:04
羊东矿,0000031D04,8470运料巷配巷掘进面主风机,开停,开,,2020-10-16 05:18:04
羊东矿,0000031D10,8470运料巷配巷掘进面风筒,风筒开关传感器,风筒有风,,2020-10-16 05:18:04
羊东矿,0000031D13,8470运料巷配巷掘进面主风机馈电,馈电传感器,负荷侧有电压,,2020-10-16 05:18:04
羊东矿,0000031D15,8470运料巷配巷掘进面副风机馈电,馈电传感器,负荷侧有电压,,2020-10-16 05:18:04
羊东矿,0000031D16,8470运料巷配巷掘进面风向,开停,开,,2020-10-16 05:18:04
羊东矿,0000032A04,42区永久避难硐室后门过渡室CO.,一氧化碳,0.00,ppm,2020-10-16 05:18:04
羊东矿,0000032A05,42区永久避难硐室后门CO,一氧化碳,0.00,ppm,2020-10-16 05:18:04
羊东矿,0000032A06,42区永久避难硐室后门CO2,二氧化碳,0.00,%,2020-10-16 05:18:04
羊东矿,0000032A07,42区永久避难硐室后门甲烷激,甲烷,0.00,%CH4,2020-10-16 05:18:04
羊东矿,0000032A09,42皮带上部进风甲烷激,甲烷,0.03,%CH4,2020-10-16 05:18:04
羊东矿,0000032A10,42区永久避难硐室生存室CO2,二氧化碳,0.01,%,2020-10-16 05:18:04
羊东矿,0000032A13,42回风改造甲烷,甲烷,0.09,%CH4,2020-10-16 05:18:04
羊东矿,0000032A15,42回风改造风速,风速,2.60,m/s,2020-10-16 05:18:04
羊东矿,0000032D12,42皮带上部进风风向,开停,开,,2020-10-16 05:18:04
羊东矿,0000033A05,进风道猴车车房温度,温度,20.50,℃,2020-10-16 05:18:04
羊东矿,0000033A06,副斜车房温度,温度,17.20,℃,2020-10-16 05:18:04
羊东矿,0000033A08,-110治水泵房温度,温度,24.10,℃,2020-10-16 05:18:04
羊东矿,0000033A09,南井正前进风甲烷激,甲烷,0.00,%CH4,2020-10-16 05:18:04
羊东矿,0000033D10,南井正前进风风向,开停,停,,2020-10-16 05:18:04
羊东矿,0000037A05,佐城二号总回风速,风速,4.60,m/s,2020-10-16 05:18:04
羊东矿,0000037A06,佐城二号总回甲烷,甲烷,0.06,%CH4,2020-10-16 05:18:04
羊东矿,0000037A07,42采区回风巷甲烷,甲烷,0.11,%CH4,2020-10-16 05:18:04
羊东矿,0000031A07,8470运料巷配巷掘进面回风风速,风速,1.30,m/s,2020-10-16 05:18:30
羊东矿,0000031A08,8470运料巷配巷掘进面加密甲烷,甲烷,0.00,%CH4,2020-10-16 05:18:30
羊东矿,0000031A09,8470运料巷配巷掘进面甲烷T1,甲烷,0.04,%CH4,2020-10-16 05:18:30
羊东矿,0000031A12,8470运料巷配巷掘进面粉尘,粉尘浓度,0.00,mg/ m3,2020-10-16 05:18:30
羊东矿,0000031A14,8470运料巷配巷掘进面分风口甲烷T4,甲烷,0.00,%CH4,2020-10-16 05:18:30
羊东矿,0000031C01,8470运料巷配巷掘进面动力断电,断电控制器,复电,,2020-10-16 05:18:30
羊东矿,0000031D02,8470运料巷配巷掘进面动力馈电,馈电传感器,负荷侧有电压,,2020-10-16 05:18:30
羊东矿,0000031D03,8470运料巷配巷掘进面副风机,开停,停,,2020-10-16 05:18:30
羊东矿,0000031D04,8470运料巷配巷掘进面主风机,开停,开,,2020-10-16 05:18:30
羊东矿,0000031D10,8470运料巷配巷掘进面风筒,风筒开关传感器,风筒有风,,2020-10-16 05:18:30
羊东矿,0000031D13,8470运料巷配巷掘进面主风机馈电,馈电传感器,负荷侧有电压,,2020-10-16 05:18:30
羊东矿,0000031D15,8470运料巷配巷掘进面副风机馈电,馈电传感器,负荷侧有电压,,2020-10-16 05:18:30
羊东矿,0000031D16,8470运料巷配巷掘进面风向,开停,开,,2020-10-16 05:18:30
羊东矿,0000032A04,42区永久避难硐室后门过渡室CO.,一氧化碳,0.00,ppm,2020-10-16 05:18:30
羊东矿,0000032A05,42区永久避难硐室后门CO,一氧化碳,0.00,ppm,2020-10-16 05:18:30
羊东矿,0000032A06,42区永久避难硐室后门CO2,二氧化碳,0.00,%,2020-10-16 05:18:30
羊东矿,0000032A07,42区永久避难硐室后门甲烷激,甲烷,0.00,%CH4,2020-10-16 05:18:30
羊东矿,0000032A09,42皮带上部进风甲烷激,甲烷,0.03,%CH4,2020-10-16 05:18:30
羊东矿,0000032A10,42区永久避难硐室生存室CO2,二氧化碳,0.01,%,2020-10-16 05:18:30
羊东矿,0000032A13,42回风改造甲烷,甲烷,0.09,%CH4,2020-10-16 05:18:30
羊东矿,0000032A15,42回风改造风速,风速,2.60,m/s,2020-10-16 05:18:30
羊东矿,0000032D12,42皮带上部进风风向,开停,开,,2020-10-16 05:18:30
羊东矿,0000033A05,进风道猴车车房温度,温度,20.50,℃,2020-10-16 05:18:30
羊东矿,0000033A06,副斜车房温度,温度,17.20,℃,2020-10-16 05:18:30
羊东矿,0000033A08,-110治水泵房温度,温度,24.10,℃,2020-10-16 05:18:30
羊东矿,0000033A09,南井正前进风甲烷激,甲烷,0.00,%CH4,2020-10-16 05:18:30
羊东矿,0000033D10,南井正前进风风向,开停,停,,2020-10-16 05:18:30
羊东矿,0000037A05,佐城二号总回风速,风速,4.50,m/s,2020-10-16 05:18:30
羊东矿,0000037A06,佐城二号总回甲烷,甲烷,0.06,%CH4,2020-10-16 05:18:30
羊东矿,0000037A07,42采区回风巷甲烷,甲烷,0.11,%CH4,2020-10-16 05:18:30
羊东矿,0000031A07,8470运料巷配巷掘进面回风风速,风速,1.30,m/s,2020-10-16 05:19:23
羊东矿,0000031A08,8470运料巷配巷掘进面加密甲烷,甲烷,0.00,%CH4,2020-10-16 05:19:23
羊东矿,0000031A09,8470运料巷配巷掘进面甲烷T1,甲烷,0.04,%CH4,2020-10-16 05:19:23
羊东矿,0000031A12,8470运料巷配巷掘进面粉尘,粉尘浓度,0.00,mg/ m3,2020-10-16 05:19:23
羊东矿,0000031A14,8470运料巷配巷掘进面分风口甲烷T4,甲烷,0.00,%CH4,2020-10-16 05:19:23
羊东矿,0000031C01,8470运料巷配巷掘进面动力断电,断电控制器,复电,,2020-10-16 05:19:23
羊东矿,0000031D02,8470运料巷配巷掘进面动力馈电,馈电传感器,负荷侧有电压,,2020-10-16 05:19:23
羊东矿,0000031D03,8470运料巷配巷掘进面副风机,开停,停,,2020-10-16 05:19:23
羊东矿,0000031D04,8470运料巷配巷掘进面主风机,开停,开,,2020-10-16 05:19:23
羊东矿,0000031D10,8470运料巷配巷掘进面风筒,风筒开关传感器,风筒有风,,2020-10-16 05:19:23
羊东矿,0000031D13,8470运料巷配巷掘进面主风机馈电,馈电传感器,负荷侧有电压,,2020-10-16 05:19:23
羊东矿,0000031D15,8470运料巷配巷掘进面副风机馈电,馈电传感器,负荷侧有电压,,2020-10-16 05:19:23
羊东矿,0000031D16,8470运料巷配巷掘进面风向,开停,开,,2020-10-16 05:19:23
羊东矿,0000032A04,42区永久避难硐室后门过渡室CO.,一氧化碳,0.00,ppm,2020-10-16 05:19:23
羊东矿,0000032A05,42区永久避难硐室后门CO,一氧化碳,0.00,ppm,2020-10-16 05:19:23
羊东矿,0000032A06,42区永久避难硐室后门CO2,二氧化碳,0.00,%,2020-10-16 05:19:23
羊东矿,0000032A07,42区永久避难硐室后门甲烷激,甲烷,0.00,%CH4,2020-10-16 05:19:23
羊东矿,0000032A09,42皮带上部进风甲烷激,甲烷,0.02,%CH4,2020-10-16 05:19:23
羊东矿,0000032A10,42区永久避难硐室生存室CO2,二氧化碳,0.01,%,2020-10-16 05:19:23
羊东矿,0000032A13,42回风改造甲烷,甲烷,0.09,%CH4,2020-10-16 05:19:23
羊东矿,0000032A15,42回风改造风速,风速,2.60,m/s,2020-10-16 05:19:23
羊东矿,0000032D12,42皮带上部进风风向,开停,开,,2020-10-16 05:19:23
羊东矿,0000033A05,进风道猴车车房温度,温度,20.50,℃,2020-10-16 05:19:23
羊东矿,0000033A06,副斜车房温度,温度,17.30,℃,2020-10-16 05:19:23
羊东矿,0000033A08,-110治水泵房温度,温度,24.10,℃,2020-10-16 05:19:23
羊东矿,0000033A09,南井正前进风甲烷激,甲烷,0.00,%CH4,2020-10-16 05:19:23
羊东矿,0000033D10,南井正前进风风向,开停,停,,2020-10-16 05:19:23
羊东矿,0000037A05,佐城二号总回风速,风速,4.60,m/s,2020-10-16 05:19:23
羊东矿,0000037A06,佐城二号总回甲烷,甲烷,0.06,%CH4,2020-10-16 05:19:23
羊东矿,0000037A07,42采区回风巷甲烷,甲烷,0.11,%CH4,2020-10-16 05:19:23
羊东矿,0000031A07,8470运料巷配巷掘进面回风风速,风速,1.30,m/s,2020-10-16 05:19:23
羊东矿,0000031A08,8470运料巷配巷掘进面加密甲烷,甲烷,0.00,%CH4,2020-10-16 05:19:23
羊东矿,0000031A09,8470运料巷配巷掘进面甲烷T1,甲烷,0.04,%CH4,2020-10-16 05:19:23
羊东矿,0000031A12,8470运料巷配巷掘进面粉尘,粉尘浓度,0.00,mg/ m3,2020-10-16 05:19:23
羊东矿,0000031A14,8470运料巷配巷掘进面分风口甲烷T4,甲烷,0.00,%CH4,2020-10-16 05:19:23
羊东矿,0000031C01,8470运料巷配巷掘进面动力断电,断电控制器,复电,,2020-10-16 05:19:23
羊东矿,0000031D02,8470运料巷配巷掘进面动力馈电,馈电传感器,负荷侧有电压,,2020-10-16 05:19:23
羊东矿,0000031D03,8470运料巷配巷掘进面副风机,开停,停,,2020-10-16 05:19:23
羊东矿,0000031D04,8470运料巷配巷掘进面主风机,开停,开,,2020-10-16 05:19:23
羊东矿,0000031D10,8470运料巷配巷掘进面风筒,风筒开关传感器,风筒有风,,2020-10-16 05:19:23
羊东矿,0000031D13,8470运料巷配巷掘进面主风机馈电,馈电传感器,负荷侧有电压,,2020-10-16 05:19:23
羊东矿,0000031D15,8470运料巷配巷掘进面副风机馈电,馈电传感器,负荷侧有电压,,2020-10-16 05:19:23
羊东矿,0000031D16,8470运料巷配巷掘进面风向,开停,开,,2020-10-16 05:19:23
羊东矿,0000032A04,42区永久避难硐室后门过渡室CO.,一氧化碳,0.00,ppm,2020-10-16 05:19:23
羊东矿,0000032A05,42区永久避难硐室后门CO,一氧化碳,0.00,ppm,2020-10-16 05:19:23
羊东矿,0000032A06,42区永久避难硐室后门CO2,二氧化碳,0.00,%,2020-10-16 05:19:23
羊东矿,0000032A07,42区永久避难硐室后门甲烷激,甲烷,0.00,%CH4,2020-10-16 05:19:23
羊东矿,0000032A09,42皮带上部进风甲烷激,甲烷,0.02,%CH4,2020-10-16 05:19:23
羊东矿,0000032A10,42区永久避难硐室生存室CO2,二氧化碳,0.01,%,2020-10-16 05:19:23
羊东矿,0000032A13,42回风改造甲烷,甲烷,0.09,%CH4,2020-10-16 05:19:23
羊东矿,0000032A15,42回风改造风速,风速,2.60,m/s,2020-10-16 05:19:23
羊东矿,0000032D12,42皮带上部进风风向,开停,开,,2020-10-16 05:19:23
羊东矿,0000033A05,进风道猴车车房温度,温度,20.50,℃,2020-10-16 05:19:23
羊东矿,0000033A06,副斜车房温度,温度,17.30,℃,2020-10-16 05:19:23
羊东矿,0000033A08,-110治水泵房温度,温度,24.10,℃,2020-10-16 05:19:23
羊东矿,0000033A09,南井正前进风甲烷激,甲烷,0.00,%CH4,2020-10-16 05:19:23
羊东矿,0000033D10,南井正前进风风向,开停,停,,2020-10-16 05:19:23
羊东矿,0000037A05,佐城二号总回风速,风速,4.60,m/s,2020-10-16 05:19:23
羊东矿,0000037A06,佐城二号总回甲烷,甲烷,0.06,%CH4,2020-10-16 05:19:23
羊东矿,0000037A07,42采区回风巷甲烷,甲烷,0.11,%CH4,2020-10-16 05:19:23
羊东矿,0000031A07,8470运料巷配巷掘进面回风风速,风速,1.30,m/s,2020-10-16 05:19:49
羊东矿,0000031A08,8470运料巷配巷掘进面加密甲烷,甲烷,0.00,%CH4,2020-10-16 05:19:49
羊东矿,0000031A09,8470运料巷配巷掘进面甲烷T1,甲烷,0.04,%CH4,2020-10-16 05:19:49
羊东矿,0000031A12,8470运料巷配巷掘进面粉尘,粉尘浓度,0.00,mg/ m3,2020-10-16 05:19:49
羊东矿,0000031A14,8470运料巷配巷掘进面分风口甲烷T4,甲烷,0.00,%CH4,2020-10-16 05:19:49
羊东矿,0000031C01,8470运料巷配巷掘进面动力断电,断电控制器,复电,,2020-10-16 05:19:49
羊东矿,0000031D02,8470运料巷配巷掘进面动力馈电,馈电传感器,负荷侧有电压,,2020-10-16 05:19:49
羊东矿,0000031D03,8470运料巷配巷掘进面副风机,开停,停,,2020-10-16 05:19:49
羊东矿,0000031D04,8470运料巷配巷掘进面主风机,开停,开,,2020-10-16 05:19:49
羊东矿,0000031D10,8470运料巷配巷掘进面风筒,风筒开关传感器,风筒有风,,2020-10-16 05:19:49
羊东矿,0000031D13,8470运料巷配巷掘进面主风机馈电,馈电传感器,负荷侧有电压,,2020-10-16 05:19:49
羊东矿,0000031D15,8470运料巷配巷掘进面副风机馈电,馈电传感器,负荷侧有电压,,2020-10-16 05:19:49
羊东矿,0000031D16,8470运料巷配巷掘进面风向,开停,开,,2020-10-16 05:19:49
羊东矿,0000032A04,42区永久避难硐室后门过渡室CO.,一氧化碳,0.00,ppm,2020-10-16 05:19:49
羊东矿,0000032A05,42区永久避难硐室后门CO,一氧化碳,0.00,ppm,2020-10-16 05:19:49
羊东矿,0000032A06,42区永久避难硐室后门CO2,二氧化碳,0.00,%,2020-10-16 05:19:49
羊东矿,0000032A07,42区永久避难硐室后门甲烷激,甲烷,0.00,%CH4,2020-10-16 05:19:49
羊东矿,0000032A09,42皮带上部进风甲烷激,甲烷,0.03,%CH4,2020-10-16 05:19:49
羊东矿,0000032A10,42区永久避难硐室生存室CO2,二氧化碳,0.01,%,2020-10-16 05:19:49
羊东矿,0000032A13,42回风改造甲烷,甲烷,0.09,%CH4,2020-10-16 05:19:49
羊东矿,0000032A15,42回风改造风速,风速,2.50,m/s,2020-10-16 05:19:49
羊东矿,0000032D12,42皮带上部进风风向,开停,开,,2020-10-16 05:19:49
羊东矿,0000033A05,进风道猴车车房温度,温度,20.50,℃,2020-10-16 05:19:49
羊东矿,0000033A06,副斜车房温度,温度,17.30,℃,2020-10-16 05:19:49
羊东矿,0000033A08,-110治水泵房温度,温度,24.20,℃,2020-10-16 05:19:49
羊东矿,0000033A09,南井正前进风甲烷激,甲烷,0.00,%CH4,2020-10-16 05:19:49
羊东矿,0000033D10,南井正前进风风向,开停,停,,2020-10-16 05:19:49
羊东矿,0000037A05,佐城二号总回风速,风速,4.60,m/s,2020-10-16 05:19:49
羊东矿,0000037A06,佐城二号总回甲烷,甲烷,0.05,%CH4,2020-10-16 05:19:49
羊东矿,0000037A07,42采区回风巷甲烷,甲烷,0.11,%CH4,2020-10-16 05:19:49
羊东矿,0000031A07,8470运料巷配巷掘进面回风风速,风速,1.30,m/s,2020-10-16 05:20:15
羊东矿,0000031A08,8470运料巷配巷掘进面加密甲烷,甲烷,0.00,%CH4,2020-10-16 05:20:15
羊东矿,0000031A09,8470运料巷配巷掘进面甲烷T1,甲烷,0.04,%CH4,2020-10-16 05:20:15
羊东矿,0000031A12,8470运料巷配巷掘进面粉尘,粉尘浓度,0.00,mg/ m3,2020-10-16 05:20:15
羊东矿,0000031A14,8470运料巷配巷掘进面分风口甲烷T4,甲烷,0.00,%CH4,2020-10-16 05:20:15
羊东矿,0000031C01,8470运料巷配巷掘进面动力断电,断电控制器,复电,,2020-10-16 05:20:15
羊东矿,0000031D02,8470运料巷配巷掘进面动力馈电,馈电传感器,负荷侧有电压,,2020-10-16 05:20:15
羊东矿,0000031D03,8470运料巷配巷掘进面副风机,开停,停,,2020-10-16 05:20:15
羊东矿,0000031D04,8470运料巷配巷掘进面主风机,开停,开,,2020-10-16 05:20:15
羊东矿,0000031D10,8470运料巷配巷掘进面风筒,风筒开关传感器,风筒有风,,2020-10-16 05:20:15
羊东矿,0000031D13,8470运料巷配巷掘进面主风机馈电,馈电传感器,负荷侧有电压,,2020-10-16 05:20:15
羊东矿,0000031D15,8470运料巷配巷掘进面副风机馈电,馈电传感器,负荷侧有电压,,2020-10-16 05:20:15
羊东矿,0000031D16,8470运料巷配巷掘进面风向,开停,开,,2020-10-16 05:20:15
羊东矿,0000032A04,42区永久避难硐室后门过渡室CO.,一氧化碳,0.00,ppm,2020-10-16 05:20:15
羊东矿,0000032A05,42区永久避难硐室后门CO,一氧化碳,0.00,ppm,2020-10-16 05:20:15
羊东矿,0000032A06,42区永久避难硐室后门CO2,二氧化碳,0.00,%,2020-10-16 05:20:15
羊东矿,0000032A07,42区永久避难硐室后门甲烷激,甲烷,0.00,%CH4,2020-10-16 05:20:15
羊东矿,0000032A09,42皮带上部进风甲烷激,甲烷,0.03,%CH4,2020-10-16 05:20:15
羊东矿,0000032A10,42区永久避难硐室生存室CO2,二氧化碳,0.01,%,2020-10-16 05:20:15
羊东矿,0000032A13,42回风改造甲烷,甲烷,0.09,%CH4,2020-10-16 05:20:15
羊东矿,0000032A15,42回风改造风速,风速,2.50,m/s,2020-10-16 05:20:15
羊东矿,0000032D12,42皮带上部进风风向,开停,开,,2020-10-16 05:20:15
羊东矿,0000033A05,进风道猴车车房温度,温度,20.50,℃,2020-10-16 05:20:15
羊东矿,0000033A06,副斜车房温度,温度,17.30,℃,2020-10-16 05:20:15
羊东矿,0000033A08,-110治水泵房温度,温度,24.20,℃,2020-10-16 05:20:15
羊东矿,0000033A09,南井正前进风甲烷激,甲烷,0.00,%CH4,2020-10-16 05:20:15
羊东矿,0000033D10,南井正前进风风向,开停,停,,2020-10-16 05:20:15
羊东矿,0000037A05,佐城二号总回风速,风速,4.60,m/s,2020-10-16 05:20:15
羊东矿,0000037A06,佐城二号总回甲烷,甲烷,0.06,%CH4,2020-10-16 05:20:15
羊东矿,0000037A07,42采区回风巷甲烷,甲烷,0.11,%CH4,2020-10-16 05:20:15
羊东矿,0000031A07,8470运料巷配巷掘进面回风风速,风速,1.30,m/s,2020-10-16 05:21:08
羊东矿,0000031A08,8470运料巷配巷掘进面加密甲烷,甲烷,0.00,%CH4,2020-10-16 05:21:08
羊东矿,0000031A09,8470运料巷配巷掘进面甲烷T1,甲烷,0.04,%CH4,2020-10-16 05:21:08
羊东矿,0000031A12,8470运料巷配巷掘进面粉尘,粉尘浓度,0.00,mg/ m3,2020-10-16 05:21:08
羊东矿,0000031A14,8470运料巷配巷掘进面分风口甲烷T4,甲烷,0.00,%CH4,2020-10-16 05:21:08
羊东矿,0000031C01,8470运料巷配巷掘进面动力断电,断电控制器,复电,,2020-10-16 05:21:08
羊东矿,0000031D02,8470运料巷配巷掘进面动力馈电,馈电传感器,负荷侧有电压,,2020-10-16 05:21:08
羊东矿,0000031D03,8470运料巷配巷掘进面副风机,开停,停,,2020-10-16 05:21:08
羊东矿,0000031D04,8470运料巷配巷掘进面主风机,开停,开,,2020-10-16 05:21:08
羊东矿,0000031D10,8470运料巷配巷掘进面风筒,风筒开关传感器,风筒有风,,2020-10-16 05:21:08
羊东矿,0000031D13,8470运料巷配巷掘进面主风机馈电,馈电传感器,负荷侧有电压,,2020-10-16 05:21:08
羊东矿,0000031D15,8470运料巷配巷掘进面副风机馈电,馈电传感器,负荷侧有电压,,2020-10-16 05:21:08
羊东矿,0000031D16,8470运料巷配巷掘进面风向,开停,开,,2020-10-16 05:21:08
羊东矿,0000032A04,42区永久避难硐室后门过渡室CO.,一氧化碳,0.00,ppm,2020-10-16 05:21:08
羊东矿,0000032A05,42区永久避难硐室后门CO,一氧化碳,0.00,ppm,2020-10-16 05:21:08
羊东矿,0000032A06,42区永久避难硐室后门CO2,二氧化碳,0.00,%,2020-10-16 05:21:08
羊东矿,0000032A07,42区永久避难硐室后门甲烷激,甲烷,0.00,%CH4,2020-10-16 05:21:08
羊东矿,0000032A09,42皮带上部进风甲烷激,甲烷,0.02,%CH4,2020-10-16 05:21:08
羊东矿,0000032A10,42区永久避难硐室生存室CO2,二氧化碳,0.01,%,2020-10-16 05:21:08
羊东矿,0000032A13,42回风改造甲烷,甲烷,0.09,%CH4,2020-10-16 05:21:08
羊东矿,0000032A15,42回风改造风速,风速,2.50,m/s,2020-10-16 05:21:08
羊东矿,0000032D12,42皮带上部进风风向,开停,开,,2020-10-16 05:21:08
羊东矿,0000033A05,进风道猴车车房温度,温度,20.50,℃,2020-10-16 05:21:08
羊东矿,0000033A06,副斜车房温度,温度,17.30,℃,2020-10-16 05:21:08
羊东矿,0000033A08,-110治水泵房温度,温度,24.10,℃,2020-10-16 05:21:08
羊东矿,0000033A09,南井正前进风甲烷激,甲烷,0.00,%CH4,2020-10-16 05:21:08
羊东矿,0000033D10,南井正前进风风向,开停,停,,2020-10-16 05:21:08
羊东矿,0000037A05,佐城二号总回风速,风速,4.70,m/s,2020-10-16 05:21:08
羊东矿,0000037A06,佐城二号总回甲烷,甲烷,0.06,%CH4,2020-10-16 05:21:08
羊东矿,0000037A07,42采区回风巷甲烷,甲烷,0.11,%CH4,2020-10-16 05:21:08
羊东矿,0000031A07,8470运料巷配巷掘进面回风风速,风速,1.30,m/s,2020-10-16 05:21:34
羊东矿,0000031A08,8470运料巷配巷掘进面加密甲烷,甲烷,0.00,%CH4,2020-10-16 05:21:34
羊东矿,0000031A09,8470运料巷配巷掘进面甲烷T1,甲烷,0.04,%CH4,2020-10-16 05:21:34
羊东矿,0000031A12,8470运料巷配巷掘进面粉尘,粉尘浓度,0.00,mg/ m3,2020-10-16 05:21:34
羊东矿,0000031A14,8470运料巷配巷掘进面分风口甲烷T4,甲烷,0.00,%CH4,2020-10-16 05:21:34
羊东矿,0000031C01,8470运料巷配巷掘进面动力断电,断电控制器,复电,,2020-10-16 05:21:34
羊东矿,0000031D02,8470运料巷配巷掘进面动力馈电,馈电传感器,负荷侧有电压,,2020-10-16 05:21:34
羊东矿,0000031D03,8470运料巷配巷掘进面副风机,开停,停,,2020-10-16 05:21:34
羊东矿,0000031D04,8470运料巷配巷掘进面主风机,开停,开,,2020-10-16 05:21:34
羊东矿,0000031D10,8470运料巷配巷掘进面风筒,风筒开关传感器,风筒有风,,2020-10-16 05:21:34
羊东矿,0000031D13,8470运料巷配巷掘进面主风机馈电,馈电传感器,负荷侧有电压,,2020-10-16 05:21:34
羊东矿,0000031D15,8470运料巷配巷掘进面副风机馈电,馈电传感器,负荷侧有电压,,2020-10-16 05:21:34
羊东矿,0000031D16,8470运料巷配巷掘进面风向,开停,开,,2020-10-16 05:21:34
羊东矿,0000032A04,42区永久避难硐室后门过渡室CO.,一氧化碳,0.00,ppm,2020-10-16 05:21:34
羊东矿,0000032A05,42区永久避难硐室后门CO,一氧化碳,0.00,ppm,2020-10-16 05:21:34
羊东矿,0000032A06,42区永久避难硐室后门CO2,二氧化碳,0.00,%,2020-10-16 05:21:34
羊东矿,0000032A07,42区永久避难硐室后门甲烷激,甲烷,0.00,%CH4,2020-10-16 05:21:34
羊东矿,0000032A09,42皮带上部进风甲烷激,甲烷,0.03,%CH4,2020-10-16 05:21:34
羊东矿,0000032A10,42区永久避难硐室生存室CO2,二氧化碳,0.01,%,2020-10-16 05:21:34
羊东矿,0000032A13,42回风改造甲烷,甲烷,0.09,%CH4,2020-10-16 05:21:34
羊东矿,0000032A15,42回风改造风速,风速,2.70,m/s,2020-10-16 05:21:34
羊东矿,0000032D12,42皮带上部进风风向,开停,开,,2020-10-16 05:21:34
羊东矿,0000033A05,进风道猴车车房温度,温度,20.50,℃,2020-10-16 05:21:34
羊东矿,0000033A06,副斜车房温度,温度,17.30,℃,2020-10-16 05:21:34
羊东矿,0000033A08,-110治水泵房温度,温度,24.10,℃,2020-10-16 05:21:34
羊东矿,0000033A09,南井正前进风甲烷激,甲烷,0.00,%CH4,2020-10-16 05:21:34
羊东矿,0000033D10,南井正前进风风向,开停,停,,2020-10-16 05:21:34
羊东矿,0000037A05,佐城二号总回风速,风速,4.60,m/s,2020-10-16 05:21:34
羊东矿,0000037A06,佐城二号总回甲烷,甲烷,0.06,%CH4,2020-10-16 05:21:34
羊东矿,0000037A07,42采区回风巷甲烷,甲烷,0.11,%CH4,2020-10-16 05:21:34
羊东矿,0000031A07,8470运料巷配巷掘进面回风风速,风速,1.30,m/s,2020-10-16 05:22:00
羊东矿,0000031A08,8470运料巷配巷掘进面加密甲烷,甲烷,0.00,%CH4,2020-10-16 05:22:00
羊东矿,0000031A09,8470运料巷配巷掘进面甲烷T1,甲烷,0.04,%CH4,2020-10-16 05:22:00
羊东矿,0000031A12,8470运料巷配巷掘进面粉尘,粉尘浓度,0.00,mg/ m3,2020-10-16 05:22:00
羊东矿,0000031A14,8470运料巷配巷掘进面分风口甲烷T4,甲烷,0.00,%CH4,2020-10-16 05:22:00
羊东矿,0000031C01,8470运料巷配巷掘进面动力断电,断电控制器,复电,,2020-10-16 05:22:00
羊东矿,0000031D02,8470运料巷配巷掘进面动力馈电,馈电传感器,负荷侧有电压,,2020-10-16 05:22:00
羊东矿,0000031D03,8470运料巷配巷掘进面副风机,开停,停,,2020-10-16 05:22:00
羊东矿,0000031D04,8470运料巷配巷掘进面主风机,开停,开,,2020-10-16 05:22:00
羊东矿,0000031D10,8470运料巷配巷掘进面风筒,风筒开关传感器,风筒有风,,2020-10-16 05:22:00
羊东矿,0000031D13,8470运料巷配巷掘进面主风机馈电,馈电传感器,负荷侧有电压,,2020-10-16 05:22:00
羊东矿,0000031D15,8470运料巷配巷掘进面副风机馈电,馈电传感器,负荷侧有电压,,2020-10-16 05:22:00
羊东矿,0000031D16,8470运料巷配巷掘进面风向,开停,开,,2020-10-16 05:22:00
羊东矿,0000032A04,42区永久避难硐室后门过渡室CO.,一氧化碳,0.00,ppm,2020-10-16 05:22:00
羊东矿,0000032A05,42区永久避难硐室后门CO,一氧化碳,0.00,ppm,2020-10-16 05:22:00
羊东矿,0000032A06,42区永久避难硐室后门CO2,二氧化碳,0.00,%,2020-10-16 05:22:00
羊东矿,0000032A07,42区永久避难硐室后门甲烷激,甲烷,0.00,%CH4,2020-10-16 05:22:00
羊东矿,0000032A09,42皮带上部进风甲烷激,甲烷,0.03,%CH4,2020-10-16 05:22:00
羊东矿,0000032A10,42区永久避难硐室生存室CO2,二氧化碳,0.01,%,2020-10-16 05:22:00
羊东矿,0000032A13,42回风改造甲烷,甲烷,0.09,%CH4,2020-10-16 05:22:00
羊东矿,0000032A15,42回风改造风速,风速,2.70,m/s,2020-10-16 05:22:00
羊东矿,0000032D12,42皮带上部进风风向,开停,开,,2020-10-16 05:22:00
羊东矿,0000033A05,进风道猴车车房温度,温度,20.50,℃,2020-10-16 05:22:00
羊东矿,0000033A06,副斜车房温度,温度,17.30,℃,2020-10-16 05:22:00
羊东矿,0000033A08,-110治水泵房温度,温度,24.20,℃,2020-10-16 05:22:00
羊东矿,0000033A09,南井正前进风甲烷激,甲烷,0.00,%CH4,2020-10-16 05:22:00
羊东矿,0000033D10,南井正前进风风向,开停,停,,2020-10-16 05:22:00
羊东矿,0000037A05,佐城二号总回风速,风速,4.50,m/s,2020-10-16 05:22:00
羊东矿,0000037A06,佐城二号总回甲烷,甲烷,0.06,%CH4,2020-10-16 05:22:00
羊东矿,0000037A07,42采区回风巷甲烷,甲烷,0.11,%CH4,2020-10-16 05:22:00
羊东矿,0000031A07,8470运料巷配巷掘进面回风风速,风速,1.30,m/s,2020-10-16 05:22:53
羊东矿,0000031A08,8470运料巷配巷掘进面加密甲烷,甲烷,0.00,%CH4,2020-10-16 05:22:53
羊东矿,0000031A09,8470运料巷配巷掘进面甲烷T1,甲烷,0.04,%CH4,2020-10-16 05:22:53
羊东矿,0000031A12,8470运料巷配巷掘进面粉尘,粉尘浓度,0.00,mg/ m3,2020-10-16 05:22:53
羊东矿,0000031A14,8470运料巷配巷掘进面分风口甲烷T4,甲烷,0.00,%CH4,2020-10-16 05:22:53
羊东矿,0000031C01,8470运料巷配巷掘进面动力断电,断电控制器,复电,,2020-10-16 05:22:53
羊东矿,0000031D02,8470运料巷配巷掘进面动力馈电,馈电传感器,负荷侧有电压,,2020-10-16 05:22:53
羊东矿,0000031D03,8470运料巷配巷掘进面副风机,开停,停,,2020-10-16 05:22:53
羊东矿,0000031D04,8470运料巷配巷掘进面主风机,开停,开,,2020-10-16 05:22:53
羊东矿,0000031D10,8470运料巷配巷掘进面风筒,风筒开关传感器,风筒有风,,2020-10-16 05:22:53
羊东矿,0000031D13,8470运料巷配巷掘进面主风机馈电,馈电传感器,负荷侧有电压,,2020-10-16 05:22:53
羊东矿,0000031D15,8470运料巷配巷掘进面副风机馈电,馈电传感器,负荷侧有电压,,2020-10-16 05:22:53
羊东矿,0000031D16,8470运料巷配巷掘进面风向,开停,开,,2020-10-16 05:22:53
羊东矿,0000032A04,42区永久避难硐室后门过渡室CO.,一氧化碳,0.00,ppm,2020-10-16 05:22:53
羊东矿,0000032A05,42区永久避难硐室后门CO,一氧化碳,0.00,ppm,2020-10-16 05:22:53
羊东矿,0000032A06,42区永久避难硐室后门CO2,二氧化碳,0.00,%,2020-10-16 05:22:53
羊东矿,0000032A07,42区永久避难硐室后门甲烷激,甲烷,0.00,%CH4,2020-10-16 05:22:53
羊东矿,0000032A09,42皮带上部进风甲烷激,甲烷,0.03,%CH4,2020-10-16 05:22:53
羊东矿,0000032A10,42区永久避难硐室生存室CO2,二氧化碳,0.01,%,2020-10-16 05:22:53
羊东矿,0000032A13,42回风改造甲烷,甲烷,0.09,%CH4,2020-10-16 05:22:53
羊东矿,0000032A15,42回风改造风速,风速,2.60,m/s,2020-10-16 05:22:53
羊东矿,0000032D12,42皮带上部进风风向,开停,开,,2020-10-16 05:22:53
羊东矿,0000033A05,进风道猴车车房温度,温度,20.50,℃,2020-10-16 05:22:53
羊东矿,0000033A06,副斜车房温度,温度,17.20,℃,2020-10-16 05:22:53
羊东矿,0000033A08,-110治水泵房温度,温度,24.20,℃,2020-10-16 05:22:53
羊东矿,0000033A09,南井正前进风甲烷激,甲烷,0.00,%CH4,2020-10-16 05:22:53
羊东矿,0000033D10,南井正前进风风向,开停,停,,2020-10-16 05:22:53
羊东矿,0000037A05,佐城二号总回风速,风速,4.50,m/s,2020-10-16 05:22:53
羊东矿,0000037A06,佐城二号总回甲烷,甲烷,0.06,%CH4,2020-10-16 05:22:53
羊东矿,0000037A07,42采区回风巷甲烷,甲烷,0.11,%CH4,2020-10-16 05:22:53
羊东矿,0000031A07,8470运料巷配巷掘进面回风风速,风速,1.30,m/s,2020-10-16 05:22:53
羊东矿,0000031A08,8470运料巷配巷掘进面加密甲烷,甲烷,0.00,%CH4,2020-10-16 05:22:53
羊东矿,0000031A09,8470运料巷配巷掘进面甲烷T1,甲烷,0.04,%CH4,2020-10-16 05:22:53
羊东矿,0000031A12,8470运料巷配巷掘进面粉尘,粉尘浓度,0.00,mg/ m3,2020-10-16 05:22:53
羊东矿,0000031A14,8470运料巷配巷掘进面分风口甲烷T4,甲烷,0.00,%CH4,2020-10-16 05:22:53
羊东矿,0000031C01,8470运料巷配巷掘进面动力断电,断电控制器,复电,,2020-10-16 05:22:53
羊东矿,0000031D02,8470运料巷配巷掘进面动力馈电,馈电传感器,负荷侧有电压,,2020-10-16 05:22:53
羊东矿,0000031D03,8470运料巷配巷掘进面副风机,开停,停,,2020-10-16 05:22:53
羊东矿,0000031D04,8470运料巷配巷掘进面主风机,开停,开,,2020-10-16 05:22:53
羊东矿,0000031D10,8470运料巷配巷掘进面风筒,风筒开关传感器,风筒有风,,2020-10-16 05:22:53
羊东矿,0000031D13,8470运料巷配巷掘进面主风机馈电,馈电传感器,负荷侧有电压,,2020-10-16 05:22:53
羊东矿,0000031D15,8470运料巷配巷掘进面副风机馈电,馈电传感器,负荷侧有电压,,2020-10-16 05:22:53
羊东矿,0000031D16,8470运料巷配巷掘进面风向,开停,开,,2020-10-16 05:22:53
羊东矿,0000032A04,42区永久避难硐室后门过渡室CO.,一氧化碳,0.00,ppm,2020-10-16 05:22:53
羊东矿,0000032A05,42区永久避难硐室后门CO,一氧化碳,0.00,ppm,2020-10-16 05:22:53
羊东矿,0000032A06,42区永久避难硐室后门CO2,二氧化碳,0.00,%,2020-10-16 05:22:53
羊东矿,0000032A07,42区永久避难硐室后门甲烷激,甲烷,0.00,%CH4,2020-10-16 05:22:53
羊东矿,0000032A09,42皮带上部进风甲烷激,甲烷,0.03,%CH4,2020-10-16 05:22:53
羊东矿,0000032A10,42区永久避难硐室生存室CO2,二氧化碳,0.01,%,2020-10-16 05:22:53
羊东矿,0000032A13,42回风改造甲烷,甲烷,0.09,%CH4,2020-10-16 05:22:53
羊东矿,0000032A15,42回风改造风速,风速,2.60,m/s,2020-10-16 05:22:53
羊东矿,0000032D12,42皮带上部进风风向,开停,开,,2020-10-16 05:22:53
羊东矿,0000033A05,进风道猴车车房温度,温度,20.50,℃,2020-10-16 05:22:53
羊东矿,0000033A06,副斜车房温度,温度,17.20,℃,2020-10-16 05:22:53
羊东矿,0000033A08,-110治水泵房温度,温度,24.20,℃,2020-10-16 05:22:53
羊东矿,0000033A09,南井正前进风甲烷激,甲烷,0.00,%CH4,2020-10-16 05:22:53
羊东矿,0000033D10,南井正前进风风向,开停,停,,2020-10-16 05:22:53
羊东矿,0000037A05,佐城二号总回风速,风速,4.50,m/s,2020-10-16 05:22:53
羊东矿,0000037A06,佐城二号总回甲烷,甲烷,0.06,%CH4,2020-10-16 05:22:53
羊东矿,0000037A07,42采区回风巷甲烷,甲烷,0.11,%CH4,2020-10-16 05:22:53
羊东矿,0000031A07,8470运料巷配巷掘进面回风风速,风速,1.30,m/s,2020-10-16 05:23:19
羊东矿,0000031A08,8470运料巷配巷掘进面加密甲烷,甲烷,0.00,%CH4,2020-10-16 05:23:19
羊东矿,0000031A09,8470运料巷配巷掘进面甲烷T1,甲烷,0.04,%CH4,2020-10-16 05:23:19
羊东矿,0000031A12,8470运料巷配巷掘进面粉尘,粉尘浓度,0.00,mg/ m3,2020-10-16 05:23:19
羊东矿,0000031A14,8470运料巷配巷掘进面分风口甲烷T4,甲烷,0.00,%CH4,2020-10-16 05:23:19
羊东矿,0000031C01,8470运料巷配巷掘进面动力断电,断电控制器,复电,,2020-10-16 05:23:19
羊东矿,0000031D02,8470运料巷配巷掘进面动力馈电,馈电传感器,负荷侧有电压,,2020-10-16 05:23:19
羊东矿,0000031D03,8470运料巷配巷掘进面副风机,开停,停,,2020-10-16 05:23:19
羊东矿,0000031D04,8470运料巷配巷掘进面主风机,开停,开,,2020-10-16 05:23:19
羊东矿,0000031D10,8470运料巷配巷掘进面风筒,风筒开关传感器,风筒有风,,2020-10-16 05:23:19
羊东矿,0000031D13,8470运料巷配巷掘进面主风机馈电,馈电传感器,负荷侧有电压,,2020-10-16 05:23:19
羊东矿,0000031D15,8470运料巷配巷掘进面副风机馈电,馈电传感器,负荷侧有电压,,2020-10-16 05:23:19
羊东矿,0000031D16,8470运料巷配巷掘进面风向,开停,开,,2020-10-16 05:23:19
羊东矿,0000032A04,42区永久避难硐室后门过渡室CO.,一氧化碳,0.00,ppm,2020-10-16 05:23:19
羊东矿,0000032A05,42区永久避难硐室后门CO,一氧化碳,0.00,ppm,2020-10-16 05:23:19
羊东矿,0000032A06,42区永久避难硐室后门CO2,二氧化碳,0.00,%,2020-10-16 05:23:19
羊东矿,0000032A07,42区永久避难硐室后门甲烷激,甲烷,0.00,%CH4,2020-10-16 05:23:19
羊东矿,0000032A09,42皮带上部进风甲烷激,甲烷,0.03,%CH4,2020-10-16 05:23:19
羊东矿,0000032A10,42区永久避难硐室生存室CO2,二氧化碳,0.01,%,2020-10-16 05:23:19
羊东矿,0000032A13,42回风改造甲烷,甲烷,0.09,%CH4,2020-10-16 05:23:19
羊东矿,0000032A15,42回风改造风速,风速,2.70,m/s,2020-10-16 05:23:19
羊东矿,0000032D12,42皮带上部进风风向,开停,开,,2020-10-16 05:23:19
羊东矿,0000033A05,进风道猴车车房温度,温度,20.50,℃,2020-10-16 05:23:19
羊东矿,0000033A06,副斜车房温度,温度,17.20,℃,2020-10-16 05:23:19
羊东矿,0000033A08,-110治水泵房温度,温度,24.20,℃,2020-10-16 05:23:19
羊东矿,0000033A09,南井正前进风甲烷激,甲烷,0.00,%CH4,2020-10-16 05:23:19
羊东矿,0000033D10,南井正前进风风向,开停,停,,2020-10-16 05:23:19
羊东矿,0000037A05,佐城二号总回风速,风速,4.50,m/s,2020-10-16 05:23:19
羊东矿,0000037A06,佐城二号总回甲烷,甲烷,0.06,%CH4,2020-10-16 05:23:19
羊东矿,0000037A07,42采区回风巷甲烷,甲烷,0.11,%CH4,2020-10-16 05:23:19
羊东矿,0000031A07,8470运料巷配巷掘进面回风风速,风速,1.30,m/s,2020-10-16 05:23:45
羊东矿,0000031A08,8470运料巷配巷掘进面加密甲烷,甲烷,0.00,%CH4,2020-10-16 05:23:45
羊东矿,0000031A09,8470运料巷配巷掘进面甲烷T1,甲烷,0.04,%CH4,2020-10-16 05:23:45
羊东矿,0000031A12,8470运料巷配巷掘进面粉尘,粉尘浓度,0.00,mg/ m3,2020-10-16 05:23:45
羊东矿,0000031A14,8470运料巷配巷掘进面分风口甲烷T4,甲烷,0.00,%CH4,2020-10-16 05:23:45
羊东矿,0000031C01,8470运料巷配巷掘进面动力断电,断电控制器,复电,,2020-10-16 05:23:45
羊东矿,0000031D02,8470运料巷配巷掘进面动力馈电,馈电传感器,负荷侧有电压,,2020-10-16 05:23:45
羊东矿,0000031D03,8470运料巷配巷掘进面副风机,开停,停,,2020-10-16 05:23:45
羊东矿,0000031D04,8470运料巷配巷掘进面主风机,开停,开,,2020-10-16 05:23:45
羊东矿,0000031D10,8470运料巷配巷掘进面风筒,风筒开关传感器,风筒有风,,2020-10-16 05:23:45
羊东矿,0000031D13,8470运料巷配巷掘进面主风机馈电,馈电传感器,负荷侧有电压,,2020-10-16 05:23:45
羊东矿,0000031D15,8470运料巷配巷掘进面副风机馈电,馈电传感器,负荷侧有电压,,2020-10-16 05:23:45
羊东矿,0000031D16,8470运料巷配巷掘进面风向,开停,开,,2020-10-16 05:23:45
羊东矿,0000032A04,42区永久避难硐室后门过渡室CO.,一氧化碳,0.00,ppm,2020-10-16 05:23:45
羊东矿,0000032A05,42区永久避难硐室后门CO,一氧化碳,0.00,ppm,2020-10-16 05:23:45
羊东矿,0000032A06,42区永久避难硐室后门CO2,二氧化碳,0.00,%,2020-10-16 05:23:45
羊东矿,0000032A07,42区永久避难硐室后门甲烷激,甲烷,0.00,%CH4,2020-10-16 05:23:45
羊东矿,0000032A09,42皮带上部进风甲烷激,甲烷,0.03,%CH4,2020-10-16 05:23:45
羊东矿,0000032A10,42区永久避难硐室生存室CO2,二氧化碳,0.01,%,2020-10-16 05:23:45
羊东矿,0000032A13,42回风改造甲烷,甲烷,0.09,%CH4,2020-10-16 05:23:45
羊东矿,0000032A15,42回风改造风速,风速,2.70,m/s,2020-10-16 05:23:45
羊东矿,0000032D12,42皮带上部进风风向,开停,开,,2020-10-16 05:23:45
羊东矿,0000033A05,进风道猴车车房温度,温度,20.50,℃,2020-10-16 05:23:45
羊东矿,0000033A06,副斜车房温度,温度,17.20,℃,2020-10-16 05:23:45
羊东矿,0000033A08,-110治水泵房温度,温度,24.20,℃,2020-10-16 05:23:45
羊东矿,0000033A09,南井正前进风甲烷激,甲烷,0.00,%CH4,2020-10-16 05:23:45
羊东矿,0000033D10,南井正前进风风向,开停,停,,2020-10-16 05:23:45
羊东矿,0000037A05,佐城二号总回风速,风速,4.50,m/s,2020-10-16 05:23:45
羊东矿,0000037A06,佐城二号总回甲烷,甲烷,0.06,%CH4,2020-10-16 05:23:45
羊东矿,0000037A07,42采区回风巷甲烷,甲烷,0.11,%CH4,2020-10-16 05:23:45
羊东矿,0000031A07,8470运料巷配巷掘进面回风风速,风速,1.30,m/s,2020-10-16 05:24:38
羊东矿,0000031A08,8470运料巷配巷掘进面加密甲烷,甲烷,0.00,%CH4,2020-10-16 05:24:38
羊东矿,0000031A09,8470运料巷配巷掘进面甲烷T1,甲烷,0.04,%CH4,2020-10-16 05:24:38
羊东矿,0000031A12,8470运料巷配巷掘进面粉尘,粉尘浓度,0.00,mg/ m3,2020-10-16 05:24:38
羊东矿,0000031A14,8470运料巷配巷掘进面分风口甲烷T4,甲烷,0.00,%CH4,2020-10-16 05:24:38
羊东矿,0000031C01,8470运料巷配巷掘进面动力断电,断电控制器,复电,,2020-10-16 05:24:38
羊东矿,0000031D02,8470运料巷配巷掘进面动力馈电,馈电传感器,负荷侧有电压,,2020-10-16 05:24:38
羊东矿,0000031D03,8470运料巷配巷掘进面副风机,开停,停,,2020-10-16 05:24:38
羊东矿,0000031D04,8470运料巷配巷掘进面主风机,开停,开,,2020-10-16 05:24:38
羊东矿,0000031D10,8470运料巷配巷掘进面风筒,风筒开关传感器,风筒有风,,2020-10-16 05:24:38
羊东矿,0000031D13,8470运料巷配巷掘进面主风机馈电,馈电传感器,负荷侧有电压,,2020-10-16 05:24:38
羊东矿,0000031D15,8470运料巷配巷掘进面副风机馈电,馈电传感器,负荷侧有电压,,2020-10-16 05:24:38
羊东矿,0000031D16,8470运料巷配巷掘进面风向,开停,开,,2020-10-16 05:24:38
羊东矿,0000032A04,42区永久避难硐室后门过渡室CO.,一氧化碳,0.00,ppm,2020-10-16 05:24:38
羊东矿,0000032A05,42区永久避难硐室后门CO,一氧化碳,0.00,ppm,2020-10-16 05:24:38
羊东矿,0000032A06,42区永久避难硐室后门CO2,二氧化碳,0.00,%,2020-10-16 05:24:38
羊东矿,0000032A07,42区永久避难硐室后门甲烷激,甲烷,0.00,%CH4,2020-10-16 05:24:38
羊东矿,0000032A09,42皮带上部进风甲烷激,甲烷,0.03,%CH4,2020-10-16 05:24:38
羊东矿,0000032A10,42区永久避难硐室生存室CO2,二氧化碳,0.01,%,2020-10-16 05:24:38
羊东矿,0000032A13,42回风改造甲烷,甲烷,0.09,%CH4,2020-10-16 05:24:38
羊东矿,0000032A15,42回风改造风速,风速,2.60,m/s,2020-10-16 05:24:38
羊东矿,0000032D12,42皮带上部进风风向,开停,开,,2020-10-16 05:24:38
羊东矿,0000033A05,进风道猴车车房温度,温度,20.50,℃,2020-10-16 05:24:38
羊东矿,0000033A06,副斜车房温度,温度,17.20,℃,2020-10-16 05:24:38
羊东矿,0000033A08,-110治水泵房温度,温度,24.30,℃,2020-10-16 05:24:38
羊东矿,0000033A09,南井正前进风甲烷激,甲烷,0.00,%CH4,2020-10-16 05:24:38
羊东矿,0000033D10,南井正前进风风向,开停,停,,2020-10-16 05:24:38
羊东矿,0000037A05,佐城二号总回风速,风速,4.60,m/s,2020-10-16 05:24:38
羊东矿,0000037A06,佐城二号总回甲烷,甲烷,0.06,%CH4,2020-10-16 05:24:38
羊东矿,0000037A07,42采区回风巷甲烷,甲烷,0.11,%CH4,2020-10-16 05:24:38
